200 PA4-F-Debug-Output.txt 0
   23.84     5.13    41.41        23.85     5.13    41.41     0.006
  -32.14    -4.60    -9.52       -32.15    -4.60    -9.50     0.020
   -0.59    -3.61   -27.62        -0.54    -3.58   -27.65     0.073
   33.49    -7.21   -12.95        33.41    -7.12   -12.97     0.115
   25.10    24.19     2.92        25.03    24.05     2.90     0.152
  -10.44   -29.19   -20.99       -10.49   -29.11   -21.01     0.094
   -8.86    24.49    22.42        -8.86    24.58    22.40     0.090
   -5.93    -0.03    55.27        -5.94    -0.04    55.27     0.015
   13.94    11.67    63.19        13.94    11.67    63.13     0.059
   -2.92    13.32     2.66        -2.88    13.28     2.68     0.058
   19.67    -8.90   -22.62        19.67    -8.89   -22.61     0.008
   -3.48    -4.38    48.59        -3.42    -4.31    48.59     0.094
   25.83     8.13    31.66        25.85     8.13    31.67     0.019
  -15.56     4.66   -42.47       -15.56     4.66   -42.46     0.010
  -11.80     6.08    -3.54       -11.78     6.04    -3.53     0.038
  -26.36    -2.60    -9.98       -26.36    -2.62   -10.00     0.022
   -6.66     2.72    46.31        -6.61     2.72    46.31     0.052
  -11.42    23.94    22.69       -11.46    24.07    22.64     0.151
   -8.42     6.06   -33.26        -8.30     6.17   -33.27     0.167
   28.57    14.79    16.98        28.60    14.81    17.00     0.045
  -19.20   -10.47    -3.17       -19.23   -10.49    -3.11     0.064
  -11.04     8.66   -18.02       -11.03     8.71   -18.00     0.056
   19.31    26.15    -8.37        19.30    26.13    -8.36     0.015
   22.22   -15.62   -14.20        22.23   -15.67   -14.21     0.052
   -8.58   -14.25   -44.98        -8.59   -14.24   -44.96     0.024
  -27.05   -31.03   -19.58       -27.05   -31.04   -19.57     0.020
   -8.38    10.26     7.18        -8.46    10.34     7.16     0.108
   -6.62     3.66    47.22        -6.70     3.66    47.22     0.085
   -6.65    13.33     8.92        -6.64    13.33     8.93     0.009
  -21.77     4.97   -13.72       -21.77     4.98   -13.70     0.023
   35.14     0.16    11.85        35.11     0.16    11.83     0.038
   29.74    -7.73   -23.44        29.65    -7.60   -23.36     0.175
   30.94    -8.54    -2.72        31.01    -8.65    -2.71     0.127
  -30.42   -24.29   -11.22       -30.40   -24.26   -11.25     0.035
   12.90    26.71     8.06        12.90    26.65     8.05     0.062
   17.00     2.44   -22.11        16.98     2.44   -22.14     0.033
  -24.46   -30.99   -34.61       -24.47   -31.06   -34.64     0.087
    7.66    23.66    24.00         7.65    23.54    23.98     0.124
   20.10     1.13    57.16        20.28     1.03    57.19     0.207
   -5.48     4.04   -28.18        -5.47     4.05   -28.18     0.014
    9.76    -6.79    27.40         9.77    -6.88    27.41     0.091
  -11.99   -23.22   -42.99       -11.98   -23.23   -43.01     0.021
   -4.84     0.34    63.15        -4.83     0.34    63.13     0.024
   17.35    -2.63    60.16        17.34    -2.62    60.16     0.013
  -25.97    -9.35    -6.42       -25.95    -9.35    -6.47     0.053
  -27.52     3.62   -42.32       -27.51     3.62   -42.32     0.003
   -3.31   -21.57   -15.46        -3.32   -21.55   -15.47     0.020
   12.27    21.70   -14.63        12.16    21.73   -14.65     0.109
   -7.74    -3.37    24.49        -7.85    -3.42    24.51     0.120
  -15.34    -0.99     4.40       -15.20    -1.00     4.35     0.155
  -39.27    -2.44   -37.44       -39.27    -2.44   -37.44     0.008
   -6.59    -2.79   -41.40        -6.59    -2.79   -41.40     0.002
  -39.82   -12.25   -35.86       -39.85   -12.26   -35.86     0.029
   -5.37     8.45   -13.70        -5.39     8.52   -13.71     0.075
  -29.74     0.94   -43.15       -29.79     1.00   -43.23     0.122
    5.62     4.72    63.37         5.61     4.71    63.31     0.055
   -1.05    10.82    63.25        -1.05    10.82    63.31     0.055
  -43.42    -9.71   -21.63       -43.45    -9.72   -21.63     0.032
  -38.40   -18.95   -14.69       -38.38   -18.94   -14.70     0.026
   26.54    10.48    27.79        26.48    10.46    27.77     0.059
   -2.76    14.58     4.65        -2.75    14.57     4.66     0.010
   -1.24   -10.96    10.16        -1.26   -11.10    10.18     0.144
   -6.65    13.75     9.50        -6.65    13.75     9.49     0.005
    6.53    -6.18   -23.29         6.53    -6.18   -23.31     0.020
   27.38    -3.20    18.87        27.32    -3.14    18.83     0.090
   29.60     7.84    19.93        29.66     7.85    19.96     0.069
   12.63    17.85   -15.30        12.61    17.83   -15.29     0.031
    1.20    16.14     1.70         1.15    16.23     1.65     0.114
   15.41    19.54   -30.76        15.40    19.57   -30.79     0.042
  -12.29    10.14   -25.78       -12.28    10.15   -25.78     0.006
  -16.29   -12.44    -3.15       -16.29   -12.43    -3.15     0.006
   -5.55    -0.24    61.33        -5.59    -0.24    61.32     0.045
   -9.29     2.38    23.36        -9.34     2.37    23.38     0.052
  -22.09     5.60   -14.11       -22.09     5.51   -14.19     0.125
   22.23    25.11   -11.82        22.25    25.17   -11.82     0.058
   17.46   -15.80   -14.96        17.46   -15.82   -14.97     0.016
   11.83   -10.48   -20.70        11.81   -10.45   -20.68     0.041
   -3.01     9.65    -7.80        -3.02     9.71    -7.81     0.064
  -10.96   -27.05   -38.19       -11.02   -26.96   -38.13     0.127
   -4.56   -12.17   -41.44        -4.50   -12.18   -41.49     0.078
   36.81    -1.68   -13.63        36.75    -1.64   -13.61     0.078
   -2.37    -1.76   -28.90        -2.37    -1.76   -28.90     0.001
  -25.73    -4.29   -47.43       -25.73    -4.28   -47.45     0.027
   -2.88     8.73   -14.78        -2.88     8.73   -14.78     0.002
    7.77    25.16    10.72         7.72    25.35    10.73     0.191
  -30.26     8.30   -33.66       -30.25     8.28   -33.65     0.028
   28.35    18.82   -22.44        28.37    18.84   -22.47     0.043
   32.81    14.54    11.29        32.85    14.57    11.31     0.047
   21.12    11.97    56.67        21.04    11.94    56.67     0.079
  -33.02   -28.70   -22.09       -33.00   -28.67   -22.10     0.035
   11.00    26.55     1.64        10.93    26.68     1.61     0.145
    4.04    22.90     5.89         4.07    22.88     5.89     0.036
  -40.40   -11.19   -31.95       -40.34   -11.16   -31.92     0.074
   22.15    -6.85    12.99        22.14    -6.81    12.98     0.041
   12.46    22.46    33.56        12.47    22.37    33.55     0.094
   -0.26     4.98   -21.76        -0.24     4.99   -21.78     0.027
   -8.72     9.66    35.54        -8.66     9.69    35.52     0.070
  -34.89    -3.48   -43.13       -34.93    -3.46   -43.20     0.083
   18.07    15.98    57.89        18.29    16.18    57.92     0.300
    4.49   -15.02    -4.03         4.49   -15.13    -3.99     0.111
   11.02    24.23    19.42        11.03    24.27    19.42     0.038
   26.11    23.59   -15.02        26.04    23.46   -15.02     0.152
  -32.52    -2.25   -43.97       -32.51    -2.26   -43.94     0.030
  -13.67     2.33     5.13       -13.66     2.32     5.13     0.013
  -18.62    -5.68    -1.97       -18.61    -5.67    -1.99     0.022
   38.26    11.24     0.35        38.24    11.22     0.35     0.030
   33.79     2.04   -23.07        33.76     2.04   -23.04     0.043
   18.20    -1.82    59.55        18.12    -1.76    59.54     0.097
  -26.80     3.95   -42.42       -26.78     3.90   -42.36     0.081
  -37.71   -14.51   -11.33       -37.68   -14.51   -11.35     0.039
   -6.46    19.41    13.55        -6.47    19.42    13.54     0.014
   -6.19   -11.61     3.86        -6.20   -11.65     3.88     0.044
    9.66   -16.19    -6.52         9.66   -16.21    -6.52     0.020
   21.62    -2.91    34.02        21.59    -2.89    34.01     0.039
   -3.74    -2.24   -34.43        -3.84    -2.26   -34.42     0.101
   10.41    -4.33    63.32        10.41    -4.33    63.36     0.043
   14.48    18.41    62.21        14.47    18.40    62.18     0.036
    2.16    -8.06    26.97         2.17    -8.12    26.98     0.065
   14.37     1.64    62.97        14.37     1.64    63.00     0.032
  -16.78     5.92   -41.78       -16.78     5.93   -41.79     0.013
  -15.89    19.93    26.65       -15.89    19.93    26.65     0.002
    0.04   -12.46   -32.05         0.09   -12.44   -32.05     0.049
   15.31   -17.02   -10.51        15.30   -17.06   -10.52     0.033
  -26.21   -29.16   -15.36       -26.20   -29.13   -15.38     0.034
   24.05    -6.14    13.28        24.07    -6.21    13.29     0.071
   29.11    -9.34     0.92        29.10    -9.32     0.92     0.026
   -7.27    25.16    25.31        -7.27    25.07    25.31     0.088
  -28.79     3.56   -13.95       -28.78     3.58   -13.84     0.113
   31.79    -7.58    -1.57        31.82    -7.61    -1.56     0.046
  -36.81   -25.59   -29.51       -36.85   -25.63   -29.52     0.062
   -8.20     5.74    30.50        -8.24     5.73    30.51     0.038
   10.54    26.44     5.10        10.54    26.41     5.10     0.022
   -8.16     1.05    27.05        -8.13     1.05    27.04     0.033
   14.09    -3.15   -22.23        14.10    -3.15   -22.16     0.063
    5.27   -10.23    15.19         5.24   -10.12    15.17     0.111
   38.50     4.00   -12.29        38.45     3.99   -12.26     0.057
   35.12    -4.13    -7.84        35.06    -4.06    -7.85     0.091
  -19.20   -21.23   -46.43       -19.18   -21.26   -46.52     0.091
  -11.94   -13.15   -47.08       -11.92   -13.16   -47.14     0.060
    6.05   -12.28     5.67         6.04   -12.45     5.72     0.178
   21.65     8.13    57.77        21.62     8.13    57.77     0.026
    1.72    10.56   -10.20         1.78    10.41   -10.14     0.167
  -12.25    11.50    32.81       -12.13    11.63    32.76     0.188
   -4.42    10.85    -1.06        -4.44    10.88    -1.07     0.034
  -11.27   -16.14   -46.01       -11.27   -16.14   -46.01     0.001
   19.79   -10.95     2.95        19.76   -10.89     2.92     0.069
   -6.58     2.86    48.12        -6.61     2.86    48.12     0.035
   11.90    24.21    19.37        11.90    24.23    19.38     0.020
  -18.62     5.40   -13.11       -18.60     5.37   -13.14     0.044
    1.75   -18.00   -10.91         1.79   -18.18   -10.85     0.193
  -38.03   -17.44   -13.07       -38.00   -17.43   -13.09     0.037
   -0.32    -0.47   -25.44        -0.31    -0.47   -25.44     0.007
   -5.28     0.17    62.73        -5.30     0.16    62.75     0.018
   -3.98    -5.09    34.10        -4.04    -5.14    34.13     0.085
   16.45    18.26    56.50        16.38    18.17    56.48     0.124
   -3.28     2.95   -26.26        -3.23     2.99   -26.29     0.067
   24.91     9.48    34.37        25.04     9.48    34.40     0.142
    1.92   -18.34   -11.72         1.94   -18.42   -11.69     0.085
   -1.56    19.44     8.93        -1.45    19.33     9.02     0.176
   34.37    16.56     4.19        34.34    16.53     4.19     0.036
  -26.06    -0.38   -11.76       -26.10    -0.30   -11.66     0.132
   -3.34   -21.81   -15.69        -3.39   -21.76   -15.72     0.072
   12.82   -17.11    -8.48        12.84   -17.06    -8.46     0.052
   -3.12    16.36     8.19        -3.12    16.36     8.19     0.003
   -7.35    24.76    28.04        -7.34    24.87    28.06     0.110
   -2.37    -2.22    63.42        -2.37    -2.22    63.43     0.014
   -3.55    -4.91    39.09        -3.59    -4.95    39.10     0.058
   25.16    -6.90    10.97        25.15    -6.79    10.94     0.114
   -3.25    22.43    34.11        -3.23    22.56    34.16     0.142
  -29.07     2.31   -42.65       -29.08     2.33   -42.67     0.030
  -35.84   -17.77   -42.26       -35.78   -17.73   -42.19     0.104
  -41.41    -1.25   -31.35       -41.39    -1.26   -31.34     0.021
   10.81    -7.42    21.69        10.80    -7.33    21.68     0.085
  -40.02   -17.70   -16.53       -40.09   -17.73   -16.49     0.088
  -15.12    10.60   -32.29       -15.15    10.54   -32.27     0.064
   27.69    -1.68    20.41        27.66    -1.66    20.40     0.044
    1.10   -11.62     8.46         1.10   -11.64     8.46     0.012
  -14.35    -5.46     4.23       -14.31    -5.45     4.21     0.047
  -13.85    -0.73     7.20       -13.90    -0.74     7.22     0.059
   27.54    22.43   -14.42        27.61    22.53   -14.42     0.126
   15.26     9.64    63.10        15.26     9.64    63.17     0.071
  -41.09   -17.75   -30.23       -41.10   -17.75   -30.24     0.012
   -4.99    -2.71    56.80        -4.78    -2.56    56.80     0.251
  -31.73     7.76   -33.44       -31.66     7.66   -33.39     0.132
   -0.30    -5.91    53.17        -0.39    -6.12    53.15     0.225
   -2.28    -7.23   -34.85        -2.28    -7.23   -34.85     0.008
   10.74    -6.61    32.45        10.72    -6.49    32.45     0.124
   -3.45   -23.37   -19.44        -3.43   -23.41   -19.43     0.048
  -18.83     5.51   -13.10       -18.77     5.38   -13.22     0.187
   28.00     7.03    24.77        27.95     7.03    24.75     0.049
   17.54    10.09    63.18        17.54    10.09    63.16     0.015
  -32.07   -27.72   -16.96       -32.05   -27.68   -16.98     0.047
  -30.68   -28.19   -16.68       -30.66   -28.18   -16.69     0.024
   -6.79   -20.58   -10.33        -6.80   -20.57   -10.36     0.029
   -0.36    -1.55   -26.56        -0.40    -1.58   -26.51     0.068
   -5.14   -23.50   -16.60        -5.11   -23.55   -16.57     0.067
   21.13    -6.91    12.83        21.19    -7.12    12.88     0.223
   13.35    -6.06    41.81        13.39    -6.18    41.82     0.125
   23.84    19.78   -25.99        23.84    19.78   -26.00     0.002
   -7.04     5.65    39.00        -7.12     5.63    39.00     0.088
