75 PA4-A-Demo-Fast-Output.txt 0
    5.27    23.64     4.75         5.28    23.63     4.75     0.004
   -5.88   -12.21     2.81        -5.88   -12.21     2.81     0.002
   -6.24    -1.18    36.73        -6.24    -1.18    36.73     0.002
   24.44    12.95    32.66        24.44    12.95    32.66     0.002
   24.87     8.62   -30.52        24.87     8.62   -30.52     0.002
  -28.64     0.76   -12.59       -28.64     0.76   -12.59     0.003
   30.30    15.05    14.11        30.30    15.05    14.11     0.003
   -5.28     8.70   -12.28        -5.28     8.71   -12.28     0.001
   -4.25    24.13    29.48        -4.25    24.12    29.48     0.005
  -11.00   -30.11   -28.62       -11.00   -30.12   -28.62     0.003
   14.09    20.68    52.63        14.09    20.69    52.63     0.002
   31.11     9.09    17.06        31.11     9.09    17.06     0.001
    7.49   -16.27   -13.49         7.49   -16.27   -13.49     0.002
    4.21    19.26    53.58         4.20    19.26    53.58     0.005
  -27.97   -22.15   -44.71       -27.97   -22.15   -44.71     0.001
   21.80    20.79    22.84        21.80    20.79    22.84     0.002
   38.52     6.91    -9.88        38.53     6.91    -9.88     0.004
  -21.71   -32.59   -31.03       -21.71   -32.58   -31.03     0.005
    5.31   -11.42    11.26         5.31   -11.42    11.26     0.002
   25.03   -14.30   -12.93        25.03   -14.30   -12.93     0.001
    0.37    19.78    43.90         0.37    19.77    43.90     0.001
  -37.07   -21.04   -14.49       -37.07   -21.04   -14.49     0.000
   26.54    10.54    27.50        26.54    10.54    27.50     0.001
   -7.57   -27.89   -29.15        -7.57   -27.89   -29.15     0.002
   34.76    15.65    -7.18        34.75    15.65    -7.18     0.008
  -14.48    18.23    19.23       -14.48    18.23    19.23     0.001
  -20.65   -31.18   -17.09       -20.65   -31.18   -17.09     0.001
    6.98    -6.91    47.25         6.98    -6.92    47.25     0.002
   32.03    -6.34     7.49        32.03    -6.34     7.49     0.003
  -25.76   -27.17   -12.04       -25.76   -27.18   -12.03     0.004
   -1.44    19.69    41.89        -1.44    19.70    41.89     0.004
   -7.54    15.01    40.51        -7.54    15.01    40.51     0.000
  -18.22   -32.39   -25.53       -18.21   -32.40   -25.53     0.002
  -39.17    -6.91   -39.86       -39.17    -6.91   -39.86     0.002
   -1.26    -6.93    34.06        -1.26    -6.93    34.06     0.001
   -9.31     8.12   -14.17        -9.31     8.11   -14.17     0.001
   40.30     2.90    -3.52        40.30     2.90    -3.52     0.001
   -6.95     3.86    36.73        -6.95     3.86    36.73     0.001
   24.10    -3.69    23.43        24.10    -3.68    23.43     0.005
  -11.85     2.15   -42.68       -11.85     2.15   -42.68     0.000
   -0.96    18.78     7.86        -0.96    18.78     7.86     0.004
  -15.12    10.61   -21.26       -15.12    10.61   -21.26     0.001
  -18.12   -13.12   -48.83       -18.12   -13.12   -48.83     0.000
   23.91    -5.35    17.38        23.91    -5.35    17.38     0.002
   29.61    -9.06     0.83        29.61    -9.06     0.83     0.000
  -36.47    -3.01   -41.71       -36.47    -3.01   -41.71     0.003
   -8.70    -3.80    19.62        -8.70    -3.80    19.62     0.002
   18.99     0.32   -23.52        18.99     0.32   -23.52     0.000
  -10.93   -30.04   -28.86       -10.92   -30.04   -28.86     0.001
   -5.76    11.16    59.78        -5.76    11.16    59.78     0.002
  -22.59   -21.91   -45.71       -22.59   -21.91   -45.71     0.001
  -22.22     6.38   -40.95       -22.21     6.38   -40.95     0.001
   -7.04     4.88    57.16        -7.04     4.88    57.16     0.002
   -8.51     6.49   -32.00        -8.51     6.49   -32.00     0.002
   13.06    12.33    63.09        13.06    12.33    63.09     0.000
   -4.02   -17.23   -39.73        -4.01   -17.23   -39.73     0.003
   15.11    14.61   -29.68        15.11    14.60   -29.68     0.001
   10.92    10.87   -12.33        10.92    10.87   -12.33     0.002
   -2.76    16.15    48.98        -2.76    16.14    48.97     0.004
   12.42    -7.12    22.04        12.42    -7.13    22.04     0.002
   -2.38    -5.21    54.13        -2.38    -5.22    54.13     0.003
   -3.15     1.05    63.31        -3.15     1.05    63.31     0.002
  -43.66    -9.28   -27.68       -43.66    -9.28   -27.68     0.003
    4.31     5.77    63.37         4.31     5.77    63.37     0.001
    6.04    15.14    -6.91         6.04    15.14    -6.91     0.001
   18.49    26.55     2.62        18.49    26.56     2.63     0.004
    3.37   -12.16     6.05         3.37   -12.16     6.05     0.001
    6.29    -8.07    22.38         6.29    -8.06    22.38     0.002
  -10.82   -26.40   -38.75       -10.82   -26.39   -38.75     0.003
   36.69     3.85   -15.51        36.70     3.85   -15.51     0.002
   17.55    10.12   -27.63        17.55    10.12   -27.63     0.000
  -13.63    22.89    23.66       -13.63    22.89    23.66     0.002
   39.11     2.03     6.34        39.11     2.03     6.34     0.002
  -42.87    -4.79   -20.18       -42.88    -4.78   -20.18     0.006
  -32.76   -27.33   -17.06       -32.76   -27.33   -17.06     0.002
