75 PA4-A-Debug-Output.txt 0
   -8.50   -19.54    -8.68        -8.50   -19.55    -8.68     0.002
    3.30    18.50    60.47         3.30    18.50    60.47     0.002
   38.37     4.22   -12.32        38.37     4.22   -12.32     0.000
  -14.32   -28.19   -38.49       -14.32   -28.19   -38.49     0.001
  -18.71   -32.61   -28.06       -18.71   -32.61   -28.06     0.000
  -12.81    23.67    24.60       -12.81    23.66    24.60     0.003
   21.21    -7.71    10.72        21.21    -7.71    10.73     0.003
   23.60    -6.15    14.24        23.60    -6.15    14.24     0.000
   16.94    -3.21    59.03        16.94    -3.21    59.03     0.005
   38.68     2.66   -11.84        38.68     2.66   -11.84     0.002
    3.54   -14.21   -23.99         3.54   -14.21   -23.99     0.003
   26.10   -12.15   -19.93        26.10   -12.15   -19.92     0.002
   -5.35    -1.63    51.16        -5.34    -1.63    51.16     0.002
  -39.98    -7.70   -38.31       -39.98    -7.70   -38.31     0.002
  -35.09    -7.84   -44.45       -35.09    -7.84   -44.45     0.000
   -0.11    19.97    42.59        -0.11    19.97    42.59     0.004
  -42.35    -7.57   -17.97       -42.34    -7.57   -17.97     0.003
  -15.98   -31.64   -22.35       -15.98   -31.64   -22.35     0.001
   30.01     7.61    19.32        30.01     7.61    19.32     0.001
   16.04    -4.58    52.36        16.04    -4.57    52.36     0.003
  -42.32    -2.42   -23.54       -42.32    -2.42   -23.54     0.004
  -31.17   -26.11   -14.29       -31.17   -26.12   -14.29     0.001
  -41.22    -0.02   -28.31       -41.22    -0.02   -28.31     0.001
   -3.85    -6.52    30.58        -3.85    -6.52    30.58     0.000
   -5.83     2.06   -33.24        -5.83     2.06   -33.24     0.000
  -37.89     1.49   -35.77       -37.89     1.49   -35.77     0.001
   35.39    14.98    -1.20        35.39    14.98    -1.20     0.000
    0.32     0.44   -24.80         0.32     0.44   -24.80     0.001
   -7.35    12.76     9.31        -7.35    12.76     9.31     0.001
    1.98   -11.49    10.55         1.98   -11.49    10.55     0.002
   32.76     2.23    15.10        32.76     2.23    15.09     0.002
    6.48     6.37   -16.42         6.48     6.37   -16.42     0.000
  -40.44   -14.17   -31.02       -40.44   -14.17   -31.02     0.001
  -29.88   -15.29    -7.04       -29.88   -15.29    -7.04     0.001
   14.65    -6.93    21.01        14.65    -6.93    21.01     0.003
   35.18    -3.50    -4.08        35.18    -3.50    -4.08     0.001
   -8.24    14.77    39.78        -8.24    14.77    39.78     0.000
   -4.58   -10.94     6.91        -4.58   -10.94     6.91     0.002
   35.14    -4.13    -9.00        35.14    -4.12    -9.00     0.004
  -30.77   -14.68    -6.92       -30.77   -14.68    -6.91     0.003
    6.55    -2.74    63.38         6.55    -2.74    63.38     0.001
    0.18   -10.42    15.79         0.18   -10.41    15.79     0.004
   -2.73   -10.07    15.29        -2.73   -10.07    15.29     0.002
    9.13    -6.43   -21.91         9.13    -6.43   -21.91     0.003
   21.81    15.63    37.64        21.82    15.64    37.64     0.004
  -19.18   -27.20   -41.32       -19.18   -27.21   -41.32     0.003
   -0.42   -10.66    14.51        -0.42   -10.66    14.51     0.000
   -8.70   -25.88   -16.06        -8.70   -25.88   -16.06     0.001
   23.84    24.72    -5.47        23.84    24.72    -5.47     0.001
   34.73    15.67   -11.70        34.72    15.67   -11.70     0.001
   -0.84   -10.06    17.21        -0.84   -10.06    17.21     0.001
   10.53    24.52    -5.77        10.53    24.52    -5.77     0.000
   -3.57    10.68    -3.25        -3.57    10.68    -3.25     0.002
  -29.17     4.57   -14.06       -29.17     4.57   -14.06     0.002
   -0.09   -19.80   -15.82        -0.10   -19.79   -15.82     0.004
   36.97    13.13    -2.48        36.97    13.12    -2.47     0.005
  -16.77     0.17     0.16       -16.77     0.17     0.16     0.002
  -23.35    11.80   -22.11       -23.35    11.81   -22.11     0.003
   15.51   -17.22   -10.13        15.51   -17.21   -10.13     0.003
  -34.70   -19.29   -10.76       -34.70   -19.29   -10.76     0.001
  -31.74     3.08   -13.92       -31.74     3.08   -13.92     0.002
   19.50    15.98    51.02        19.50    15.98    51.02     0.001
  -33.19   -28.27   -20.76       -33.19   -28.27   -20.76     0.001
   18.84    18.23    43.60        18.84    18.23    43.60     0.000
   -1.23   -13.31   -36.24        -1.23   -13.31   -36.24     0.003
    6.57    23.07    27.08         6.57    23.07    27.08     0.003
   21.83    23.56   -23.78        21.83    23.56   -23.78     0.001
   11.19    24.63    16.76        11.19    24.63    16.76     0.003
   -1.93     0.32   -26.84        -1.93     0.32   -26.84     0.003
  -15.13   -16.78    -5.59       -15.13   -16.78    -5.59     0.002
  -41.91   -10.79   -29.65       -41.91   -10.79   -29.65     0.000
   -6.00    11.08    48.80        -6.00    11.08    48.80     0.002
  -31.40   -20.72    -8.96       -31.40   -20.72    -8.96     0.001
   -0.86   -20.41   -16.48        -0.86   -20.42   -16.48     0.006
   34.82    15.58   -11.50        34.82    15.58   -11.50     0.000
