75 PA4-B-Demo-Fast-Output.txt 0
   18.27    17.25   -30.71        18.27    17.25   -30.70     0.001
   -1.12    23.47    29.92        -1.12    23.47    29.92     0.002
   13.71    25.33    13.18        13.71    25.32    13.18     0.001
  -15.06   -29.58   -36.30       -15.06   -29.57   -36.30     0.003
  -33.09     6.14   -17.23       -33.09     6.14   -17.23     0.002
   20.50    16.18    43.89        20.50    16.18    43.89     0.000
   35.12     3.88   -20.75        35.12     3.88   -20.75     0.003
   27.67     8.50    25.10        27.66     8.50    25.10     0.003
  -25.96    11.13   -22.16       -25.96    11.13   -22.16     0.000
  -38.72     3.30   -29.65       -38.73     3.30   -29.65     0.003
   12.05    25.99    -4.78        12.05    25.98    -4.78     0.001
    4.72    11.77    63.23         4.72    11.77    63.23     0.000
   -3.34    10.53    -3.97        -3.35    10.54    -3.97     0.004
  -10.51   -12.17     0.61       -10.51   -12.17     0.61     0.002
  -13.26   -30.64   -31.94       -13.26   -30.64   -31.94     0.001
  -10.23   -22.54   -11.05       -10.23   -22.54   -11.05     0.000
    3.99    -3.90   -24.29         3.99    -3.90   -24.28     0.003
   14.25    -5.89    42.42        14.25    -5.88    42.42     0.005
   10.85    -6.97    25.05        10.85    -6.97    25.05     0.000
   15.45    21.26   -29.65        15.45    21.25   -29.65     0.000
  -14.99     2.87     0.46       -14.98     2.86     0.46     0.006
  -14.03    10.88   -22.38       -14.03    10.87   -22.38     0.003
    1.36     3.56   -21.73         1.36     3.56   -21.73     0.001
   22.56    10.07    49.24        22.56    10.07    49.24     0.002
   -0.18    21.69    11.74        -0.18    21.69    11.74     0.000
   -8.68   -25.27   -15.34        -8.68   -25.27   -15.34     0.000
    2.45    24.09    18.86         2.45    24.09    18.86     0.000
   -8.20    23.87    19.85        -8.20    23.87    19.85     0.001
   18.22    25.67   -12.24        18.22    25.68   -12.24     0.004
   18.98    -7.23    14.69        18.98    -7.23    14.69     0.000
  -28.06   -14.26   -47.57       -28.06   -14.26   -47.56     0.000
    0.01    19.66    43.96         0.01    19.66    43.96     0.000
   31.60    -8.17   -10.62        31.60    -8.17   -10.62     0.000
   38.08     0.54   -13.19        38.09     0.54   -13.19     0.004
    9.34   -13.97     2.55         9.34   -13.97     2.55     0.000
   23.21     3.41    43.41        23.22     3.41    43.41     0.001
   20.88    14.17    49.66        20.88    14.17    49.66     0.000
   33.34    17.68     3.57        33.34    17.68     3.57     0.001
   -4.50    23.90    31.07        -4.50    23.90    31.07     0.003
   22.82   -15.24    -7.70        22.82   -15.24    -7.70     0.005
    3.62    -6.71    63.11         3.62    -6.71    63.11     0.002
   20.16    19.72    31.48        20.16    19.72    31.48     0.004
   22.23    25.64    -3.07        22.23    25.64    -3.07     0.002
   -4.59   -24.38   -19.21        -4.59   -24.38   -19.21     0.004
    3.12    22.75    30.09         3.12    22.76    30.09     0.002
   -6.98   -24.41   -37.20        -6.98   -24.41   -37.20     0.001
   12.77    10.73   -13.34        12.77    10.73   -13.34     0.000
  -21.86   -10.82   -48.86       -21.86   -10.82   -48.86     0.000
   23.80    17.19   -27.85        23.80    17.19   -27.85     0.002
   -0.29    16.76    60.67        -0.29    16.76    60.67     0.000
   13.44    21.54   -25.41        13.44    21.53   -25.41     0.002
  -14.18    -2.73     6.03       -14.18    -2.73     6.03     0.002
   39.06     4.67   -10.32        39.07     4.67   -10.32     0.001
    8.83    22.20    32.85         8.83    22.21    32.85     0.004
  -38.22   -24.46   -27.98       -38.23   -24.47   -27.98     0.002
  -35.09   -27.19   -30.49       -35.09   -27.19   -30.49     0.002
   -3.51     3.86    63.34        -3.51     3.86    63.34     0.002
   13.10     2.89   -19.42        13.10     2.88   -19.42     0.004
   12.18   -13.79     2.87        12.18   -13.79     2.87     0.001
   -6.20   -22.23   -13.17        -6.20   -22.23   -13.17     0.000
   34.34    13.88     9.79        34.34    13.88     9.79     0.001
    6.31    20.13    52.19         6.31    20.12    52.19     0.006
   22.22    20.02    24.16        22.22    20.02    24.16     0.001
   22.31    25.10     4.57        22.31    25.10     4.57     0.002
   13.75    -7.51    17.55        13.75    -7.50    17.55     0.002
   25.34    16.51    22.80        25.34    16.51    22.81     0.005
   29.71    20.71   -17.25        29.71    20.72   -17.25     0.005
  -17.76   -10.23   -48.97       -17.76   -10.23   -48.97     0.001
   -9.28    -3.96    16.72        -9.28    -3.96    16.72     0.000
   -3.59    -4.98    38.94        -3.59    -4.98    38.94     0.003
  -11.39   -30.19   -29.55       -11.39   -30.19   -29.55     0.000
   18.10    26.54     4.05        18.10    26.54     4.05     0.005
  -28.89     3.50   -41.72       -28.89     3.50   -41.72     0.000
    9.69    -4.92    63.39         9.69    -4.92    63.39     0.000
   23.06    -7.07    11.15        23.06    -7.06    11.14     0.003
