200 PA4-H-Unknown-Output.txt 0
   -7.02     6.97    59.54        -7.02     6.97    59.54     0.003
   10.20    24.85    15.30        10.20    24.86    15.30     0.007
   11.04    26.35    -0.06        11.04    26.36    -0.06     0.004
    0.20    -6.43    58.09         0.20    -6.44    58.09     0.006
    3.83     0.81    63.38         3.83     0.81    63.37     0.004
   23.97     7.78    41.07        23.98     7.78    41.08     0.005
   32.56    -1.85   -24.43        32.56    -1.86   -24.43     0.007
   -7.04     4.86    57.17        -7.03     4.86    57.17     0.003
   -8.73   -26.88   -35.69        -8.73   -26.89   -35.70     0.005
   20.09    13.06    60.75        20.09    13.06    60.75     0.004
   -0.49    13.80    -0.37        -0.49    13.80    -0.37     0.001
   18.60    25.71     7.79        18.61    25.71     7.79     0.004
   20.30     3.84   -26.47        20.29     3.83   -26.47     0.008
  -18.43   -31.36   -34.58       -18.43   -31.36   -34.58     0.001
   -1.25   -20.09   -33.62        -1.25   -20.09   -33.62     0.001
   29.00   -10.86   -18.91        29.00   -10.86   -18.91     0.001
    6.20    25.01     8.55         6.20    25.01     8.55     0.003
   10.78     6.57    62.89        10.78     6.57    62.89     0.003
  -30.75     7.76   -17.41       -30.76     7.77   -17.41     0.007
  -34.34     1.14   -40.63       -34.35     1.14   -40.63     0.001
  -39.28    -3.22   -37.86       -39.28    -3.22   -37.86     0.004
   10.94   -12.81   -18.62        10.94   -12.81   -18.62     0.003
   13.63    -4.88    62.25        13.63    -4.87    62.24     0.002
   18.51    -8.26    11.33        18.51    -8.26    11.33     0.002
   26.08    13.90   -28.56        26.08    13.89   -28.55     0.003
   38.31    -0.34     6.42        38.32    -0.34     6.42     0.002
   -2.90     8.87   -13.52        -2.90     8.88   -13.52     0.007
   18.37   -12.14     1.89        18.37   -12.14     1.89     0.003
   19.05    25.51   -20.72        19.05    25.51   -20.72     0.002
  -15.49     8.38   -16.51       -15.49     8.38   -16.51     0.000
  -27.57     5.91   -39.95       -27.58     5.91   -39.95     0.000
   11.29     4.04   -18.17        11.29     4.03   -18.16     0.009
  -18.63   -29.95   -37.33       -18.63   -29.95   -37.33     0.005
  -13.84    -4.73     5.32       -13.84    -4.73     5.32     0.003
   17.23   -14.90   -16.25        17.23   -14.89   -16.25     0.003
   -5.00    -4.32   -40.56        -5.00    -4.32   -40.56     0.001
   10.34    14.42    63.14        10.34    14.42    63.14     0.000
  -11.51   -30.29   -29.36       -11.52   -30.29   -29.36     0.005
   -3.25    -0.51   -29.29        -3.25    -0.51   -29.29     0.001
   26.44    18.10    16.96        26.44    18.10    16.96     0.006
   34.00    -6.06   -16.64        34.00    -6.06   -16.64     0.001
   29.63     0.49    18.70        29.63     0.49    18.70     0.000
  -37.19   -21.01   -14.68       -37.19   -21.01   -14.68     0.002
   18.12   -11.87     2.84        18.12   -11.87     2.84     0.003
   25.98    22.74   -19.85        25.97    22.74   -19.85     0.008
   -7.51   -26.08   -17.84        -7.51   -26.08   -17.84     0.004
   -8.54   -20.34    -9.46        -8.54   -20.34    -9.46     0.000
   -8.43     8.20   -23.62        -8.43     8.20   -23.62     0.001
  -13.94    11.48    28.31       -13.94    11.49    28.30     0.008
    5.80   -16.21   -17.30         5.80   -16.20   -17.30     0.005
   12.33    17.73   -17.70        12.33    17.73   -17.70     0.003
   24.86     8.56    35.66        24.86     8.56    35.66     0.003
   21.17     3.02    55.79        21.18     3.02    55.79     0.005
   19.83    -8.96     7.35        19.83    -8.96     7.35     0.000
   12.04    20.92   -15.31        12.04    20.93   -15.31     0.005
  -27.85     8.60   -35.70       -27.85     8.60   -35.70     0.000
   25.08    24.22     0.86        25.08    24.22     0.86     0.001
  -28.20   -25.30   -10.87       -28.20   -25.30   -10.87     0.000
   10.42    23.53    23.86        10.42    23.53    23.86     0.000
  -25.30   -31.98   -21.49       -25.30   -31.98   -21.49     0.001
  -11.56    -3.28    11.25       -11.56    -3.27    11.25     0.001
  -14.81   -31.65   -24.32       -14.81   -31.66   -24.32     0.003
  -11.76    -4.59     9.20       -11.76    -4.59     9.21     0.002
   25.82     3.95   -29.76        25.82     3.95   -29.77     0.002
  -33.66    -0.46   -42.43       -33.66    -0.46   -42.44     0.001
  -25.62   -32.34   -27.69       -25.62   -32.34   -27.69     0.001
   -1.16     3.86   -23.58        -1.16     3.86   -23.58     0.005
  -22.42   -11.63   -49.39       -22.42   -11.63   -49.39     0.004
    1.12    19.87    43.75         1.12    19.87    43.75     0.002
   -7.95     1.68   -39.33        -7.94     1.68   -39.33     0.004
   -2.69    19.61    10.87        -2.69    19.61    10.88     0.003
    4.84    -7.41    56.01         4.84    -7.41    56.01     0.005
   -5.56   -20.24   -39.80        -5.56   -20.24   -39.80     0.000
   32.46    18.21    -4.94        32.46    18.21    -4.94     0.000
   20.30   -11.15     1.85        20.31   -11.16     1.85     0.001
   16.55    -3.87    55.92        16.55    -3.87    55.92     0.002
  -18.98    -5.64    -2.19       -18.97    -5.64    -2.19     0.006
    8.13    -6.68    37.88         8.13    -6.69    37.88     0.005
    8.27   -15.76   -14.90         8.27   -15.76   -14.90     0.002
  -31.59     5.55   -15.16       -31.59     5.55   -15.16     0.000
   21.24    20.30   -27.54        21.25    20.30   -27.54     0.003
  -29.41     6.74   -15.39       -29.41     6.74   -15.39     0.001
  -38.46   -18.64   -14.55       -38.46   -18.64   -14.55     0.000
   32.23    11.71    13.37        32.23    11.71    13.37     0.001
   -7.04    10.92     5.02        -7.03    10.92     5.03     0.012
   24.19     0.16    33.43        24.19     0.16    33.43     0.002
   11.60    23.16    26.69        11.60    23.17    26.69     0.006
    4.36    -7.04    38.97         4.36    -7.04    38.97     0.005
  -38.04    -8.64   -41.92       -38.04    -8.64   -41.92     0.000
   21.24   -13.15   -19.10        21.24   -13.15   -19.10     0.000
    4.50    -3.31   -23.82         4.50    -3.31   -23.83     0.006
   -3.94   -14.38   -40.38        -3.94   -14.38   -40.38     0.004
   19.75    11.12    62.81        19.75    11.13    62.82     0.008
    4.01     0.05    63.35         4.01     0.05    63.35     0.003
   11.88    22.45    31.83        11.89    22.45    31.83     0.007
   -7.87    24.28    21.29        -7.87    24.29    21.29     0.004
  -12.70     4.85     5.07       -12.70     4.85     5.07     0.004
   16.12    -5.47    35.14        16.12    -5.48    35.14     0.008
  -36.01   -26.51   -22.76       -36.00   -26.51   -22.76     0.006
   11.67    19.45   -17.14        11.67    19.45   -17.14     0.000
  -18.73     7.31   -39.81       -18.73     7.32   -39.82     0.003
  -25.26   -31.98   -21.51       -25.27   -31.99   -21.51     0.005
   -8.90     2.98    25.49        -8.91     2.98    25.49     0.001
   10.67    21.71    41.14        10.67    21.72    41.14     0.004
  -14.58    10.62   -30.55       -14.58    10.62   -30.54     0.005
  -17.99     1.35   -45.41       -17.99     1.35   -45.42     0.004
   39.10     1.79   -10.51        39.10     1.79   -10.51     0.000
   -4.14    23.79    18.93        -4.14    23.80    18.93     0.004
   22.60    18.91    26.27        22.59    18.91    26.27     0.006
   -5.53    -1.13    60.69        -5.52    -1.13    60.69     0.006
   -6.12   -21.33   -39.37        -6.12   -21.33   -39.37     0.000
   28.88    14.34    17.11        28.87    14.33    17.10     0.006
   10.85    -6.02   -22.02        10.85    -6.02   -22.02     0.001
   -6.69    23.86    19.64        -6.69    23.86    19.64     0.005
  -10.61    16.24    37.41       -10.61    16.24    37.41     0.001
   -3.88    10.41    -3.55        -3.88    10.41    -3.55     0.004
   20.38    15.36    47.21        20.38    15.36    47.21     0.001
  -15.14   -22.32    -9.16       -15.14   -22.32    -9.16     0.002
  -10.05   -25.25   -13.96       -10.05   -25.25   -13.96     0.002
   -7.49     8.83    -0.68        -7.49     8.84    -0.68     0.010
  -39.28    -2.71   -37.57       -39.28    -2.71   -37.57     0.002
  -15.35     3.29    -5.07       -15.35     3.28    -5.07     0.004
   -0.55    -4.51   -28.47        -0.55    -4.51   -28.47     0.002
   17.35    20.69    40.54        17.34    20.69    40.54     0.004
   -2.51    17.37     8.47        -2.51    17.37     8.47     0.004
   12.11    23.96   -10.19        12.11    23.96   -10.19     0.003
   31.33    15.39   -21.91        31.32    15.39   -21.90     0.003
   10.71    22.39   -10.15        10.71    22.40   -10.15     0.004
   20.10    24.96   -23.52        20.10    24.96   -23.52     0.001
  -13.20    11.22    29.44       -13.20    11.22    29.44     0.002
  -12.74   -27.67   -38.52       -12.74   -27.67   -38.53     0.005
   -8.36     7.40    32.92        -8.36     7.40    32.92     0.003
   -4.52    14.72     7.93        -4.52    14.72     7.93     0.002
   18.64    -1.23    59.01        18.64    -1.23    59.01     0.000
   14.17    13.14   -22.92        14.16    13.14   -22.91     0.005
   28.04     7.84   -29.99        28.04     7.84   -29.99     0.001
  -21.98   -10.44   -49.02       -21.98   -10.43   -49.01     0.004
   26.29     4.54    30.18        26.29     4.54    30.18     0.001
   10.87    23.28    25.44        10.86    23.27    25.44     0.005
   32.02    15.47   -20.61        32.02    15.47   -20.61     0.001
  -27.28   -20.04    -7.14       -27.28   -20.04    -7.14     0.002
  -39.49   -22.80   -28.42       -39.48   -22.79   -28.42     0.010
   15.47    25.87    -8.76        15.47    25.87    -8.76     0.004
  -25.50   -10.68   -48.62       -25.50   -10.68   -48.62     0.002
   -8.11    -8.70     9.04        -8.11    -8.70     9.04     0.001
    3.80    24.04    20.26         3.80    24.04    20.26     0.001
   -4.88     1.85   -29.76        -4.88     1.85   -29.76     0.001
   -6.48    11.77    45.08        -6.48    11.77    45.08     0.002
   21.56    18.94    29.82        21.56    18.94    29.82     0.004
   13.10    23.68    22.40        13.10    23.68    22.40     0.004
  -10.32    24.80    24.54       -10.32    24.79    24.54     0.005
  -36.03   -20.37   -12.46       -36.04   -20.38   -12.46     0.003
   32.20     2.43   -25.34        32.20     2.43   -25.34     0.001
   -4.39    -4.00    39.01        -4.40    -4.00    39.02     0.011
   28.15     6.95    24.16        28.15     6.95    24.16     0.004
  -23.71   -32.71   -29.15       -23.71   -32.71   -29.15     0.000
  -35.82   -17.47   -10.48       -35.82   -17.47   -10.48     0.002
  -35.99   -26.81   -27.40       -35.99   -26.81   -27.40     0.003
  -14.12     1.62     4.79       -14.12     1.62     4.79     0.003
  -37.88   -24.27   -21.14       -37.88   -24.27   -21.14     0.005
   21.22   -10.75     1.92        21.22   -10.75     1.92     0.002
   20.35     3.62   -26.37        20.35     3.62   -26.37     0.004
   -8.01     6.84    33.86        -8.02     6.84    33.86     0.002
   37.75     0.18     8.34        37.74     0.18     8.34     0.003
   -6.05    12.63     7.06        -6.06    12.63     7.06     0.004
  -25.79   -18.75   -46.91       -25.79   -18.76   -46.91     0.002
  -16.26     5.50   -42.08       -16.26     5.50   -42.07     0.008
   -6.33    -8.79    12.95        -6.33    -8.78    12.95     0.008
  -21.96   -10.18   -49.12       -21.96   -10.18   -49.13     0.005
  -23.60   -22.50    -7.87       -23.60   -22.50    -7.87     0.000
    6.85   -12.48     6.93         6.85   -12.48     6.93     0.005
   -2.01    18.58    44.93        -2.02    18.59    44.93     0.009
    6.80   -14.01   -20.23         6.80   -14.00   -20.23     0.008
   13.68    -6.97    21.89        13.68    -6.97    21.89     0.007
  -15.77    20.19    26.49       -15.77    20.19    26.49     0.005
  -20.24    -4.01   -48.12       -20.24    -4.02   -48.11     0.003
   -5.52   -21.09   -38.87        -5.51   -21.09   -38.87     0.001
    3.09     8.48   -15.24         3.09     8.49   -15.24     0.005
   27.22    23.24    -1.84        27.22    23.25    -1.84     0.005
   34.14    -6.34   -15.19        34.14    -6.35   -15.19     0.006
   -6.34   -25.40   -18.34        -6.34   -25.40   -18.34     0.000
   33.42     2.90    14.17        33.42     2.90    14.17     0.000
   12.38    17.90   -16.41        12.38    17.90   -16.41     0.001
  -24.75    11.99   -26.69       -24.75    11.99   -26.69     0.001
  -39.95   -15.54   -34.05       -39.95   -15.54   -34.05     0.003
   29.90    15.11    14.57        29.91    15.11    14.57     0.003
    4.44    -7.43    59.92         4.44    -7.42    59.92     0.007
  -31.96   -18.28    -8.51       -31.96   -18.28    -8.51     0.000
  -39.61   -16.99   -15.00       -39.61   -16.99   -15.00     0.001
   -8.13   -16.97    -5.99        -8.13   -16.97    -5.99     0.002
   34.73    15.41   -12.68        34.74    15.41   -12.68     0.003
    0.40    20.89     8.66         0.40    20.88     8.67     0.006
  -27.82   -26.40   -40.66       -27.82   -26.41   -40.66     0.003
  -33.23   -26.97   -35.75       -33.23   -26.97   -35.75     0.001
  -38.05    -3.28   -13.49       -38.05    -3.28   -13.49     0.000
   18.23    -8.08   -23.09        18.23    -8.08   -23.09     0.001
   20.40    17.61   -29.85        20.39    17.61   -29.85     0.007
   -6.13   -25.93   -19.67        -6.13   -25.93   -19.66     0.004
   21.78    -0.52    41.68        21.78    -0.52    41.68     0.003
   20.93    14.14    49.40        20.93    14.14    49.40     0.000
