200 PA4-J-Unknown-Output.txt 0
   18.41   -10.11     6.25        18.39   -10.08     6.23     0.044
   -1.02     1.30   -25.20        -1.05     1.29   -25.19     0.032
   27.98    22.22   -11.49        28.03    22.30   -11.49     0.094
   -6.63     2.33    48.03        -6.56     2.33    48.03     0.063
   34.06     1.34    13.09        34.13     1.33    13.15     0.089
    1.08    10.32    -9.39         1.04    10.41    -9.43     0.106
   14.27   -16.32   -12.05        14.28   -16.29   -12.03     0.041
   34.82    15.22   -12.99        34.79    15.21   -12.99     0.032
  -39.96   -13.40   -36.57       -39.91   -13.40   -36.56     0.040
   21.15     4.63   -28.42        21.13     4.62   -28.44     0.036
   25.45    14.11    26.26        25.47    14.12    26.26     0.018
   19.97    22.55   -26.49        19.99    22.58   -26.51     0.040
   31.58    12.91    13.68        31.57    12.91    13.67     0.012
    9.60   -14.70   -16.34         9.60   -14.71   -16.35     0.016
   35.59     7.86   -18.80        35.61     7.87   -18.81     0.022
   38.31     5.60     8.08        38.33     5.60     8.09     0.019
  -12.28    10.11   -21.32       -12.29    10.07   -21.32     0.035
    2.49   -13.19     0.11         2.49   -13.26     0.12     0.066
   15.12    -4.35    60.73        15.17    -4.42    60.73     0.090
  -43.07   -13.36   -21.60       -43.06   -13.36   -21.61     0.010
  -24.66   -32.06   -21.63       -24.68   -32.13   -21.60     0.072
   19.24    24.79    10.89        19.21    24.69    10.86     0.113
  -39.92   -11.23   -34.75       -39.95   -11.24   -34.75     0.033
   -7.11    13.45     9.66        -7.09    13.43     9.67     0.030
   12.21    -6.46    30.17        12.20    -6.41    30.16     0.051
  -22.21    12.07   -25.34       -22.21    12.13   -25.33     0.062
   -8.84   -29.08   -25.47        -8.85   -29.07   -25.47     0.019
    8.82    19.92    59.93         8.82    19.89    59.91     0.037
    3.37   -15.76   -22.10         3.49   -15.83   -22.15     0.144
   -5.99   -18.31    -8.30        -6.01   -18.28    -8.31     0.040
   39.46     3.50     3.92        39.55     3.49     3.93     0.095
   11.55    14.72    63.06        11.55    14.72    63.11     0.048
  -34.44    -0.04   -41.55       -34.45    -0.02   -41.56     0.026
    0.39     4.02   -22.31         0.39     4.01   -22.31     0.002
   -6.47    -1.29    36.15        -6.30    -1.25    36.13     0.173
    2.46    -4.28    63.45         2.46    -4.28    63.45     0.002
   10.97   -12.72   -18.56        11.00   -12.79   -18.62     0.096
   12.51    17.12   -28.66        12.49    17.11   -28.67     0.026
   22.59    13.97    40.25        22.54    13.94    40.24     0.060
  -43.00   -10.48   -27.94       -43.10   -10.52   -28.01     0.126
  -22.59    -1.78   -47.31       -22.58    -1.75   -47.38     0.086
   -6.04    24.60    28.15        -6.01    24.74    28.18     0.147
   29.13    -6.30    10.94        29.10    -6.22    10.90     0.093
  -33.17     5.11   -37.52       -33.10     5.04   -37.45     0.118
   25.27    11.77    30.19        25.39    11.81    30.22     0.129
   -4.14    20.97    38.29        -4.10    20.76    38.20     0.230
   25.53    14.74    25.06        25.54    14.74    25.07     0.019
  -32.37     0.47   -42.38       -32.36     0.45   -42.35     0.042
  -30.95     7.45   -16.88       -30.91     7.40   -16.90     0.063
   12.37    -0.43   -21.39        12.37    -0.39   -21.47     0.088
   15.26   -12.96     3.31        15.25   -12.91     3.28     0.059
  -21.10   -14.72    -5.63       -21.10   -14.72    -5.63     0.000
   13.09   -14.97     1.05        13.07   -14.94     1.03     0.039
    4.00     0.18   -22.66         3.99     0.17   -22.64     0.022
  -25.09    11.81   -25.48       -25.09    11.80   -25.49     0.007
  -11.80     5.84     5.52       -11.89     5.90     5.53     0.103
   -8.06    19.31    14.35        -8.05    19.30    14.39     0.040
    5.53   -15.74    -6.31         5.53   -15.75    -6.31     0.002
    0.72    -7.59    31.72         0.72    -7.56    31.71     0.033
  -16.33    17.39    23.87       -16.31    17.38    23.87     0.014
  -32.40    -2.83   -44.26       -32.39    -2.85   -44.22     0.041
   -8.80   -27.13   -35.30        -8.81   -27.12   -35.30     0.010
   14.98    23.22    23.51        14.98    23.22    23.51     0.000
   12.60   -10.56     8.50        12.65   -10.77     8.58     0.229
   27.80     5.83    26.15        27.64     5.84    26.10     0.162
  -15.87    -5.95     1.96       -15.84    -5.95     1.94     0.034
   23.76    14.02    34.03        23.65    13.97    34.01     0.121
  -15.85   -13.86   -48.47       -15.85   -13.86   -48.47     0.002
    2.85    -7.38    30.31         2.86    -7.55    30.31     0.167
   -2.33    -9.89    17.23        -2.35    -9.95    17.23     0.060
  -12.15   -23.59   -42.71       -12.15   -23.59   -42.71     0.003
   25.26    24.02   -10.41        25.22    23.91   -10.41     0.114
   36.96     9.13     8.70        36.88     9.10     8.63     0.103
   11.12    -3.79    63.36        11.12    -3.79    63.33     0.026
    3.75    -7.20    52.87         3.76    -7.12    52.88     0.075
  -42.42   -13.25   -18.83       -42.35   -13.24   -18.85     0.075
   21.56    18.07   -28.98        21.51    18.01   -28.90     0.116
  -43.46    -8.62   -21.38       -43.45    -8.62   -21.39     0.007
    0.92     1.35    63.44         0.92     1.35    63.46     0.025
   -6.34    10.42    60.16        -6.18    10.34    60.16     0.178
   34.74    -4.92   -17.25        34.72    -4.90   -17.25     0.030
   -7.24     7.39    40.53        -7.22     7.39    40.53     0.028
   12.32     8.59    63.02        12.32     8.59    63.03     0.010
    4.23    -7.95    25.37         4.25    -8.07    25.39     0.120
   22.52    14.96    36.00        22.59    15.00    36.02     0.084
   -5.07    -2.25    51.07        -5.01    -2.21    51.07     0.069
   27.02     5.10    27.64        27.08     5.09    27.66     0.055
  -17.06   -21.18   -45.79       -17.06   -21.18   -45.80     0.009
  -33.82    -9.89    -7.66       -33.82    -9.89    -7.67     0.008
  -23.72    10.24   -35.17       -23.72    10.27   -35.17     0.027
   26.06     7.03   -30.23        26.06     7.03   -30.23     0.001
  -13.54     9.12   -34.72       -13.55     9.10   -34.71     0.015
  -28.49   -31.58   -28.12       -28.43   -31.44   -28.11     0.157
  -31.34   -28.47   -34.67       -31.36   -28.52   -34.69     0.060
   -0.03    19.84    42.67        -0.07    19.97    42.69     0.130
   15.36    27.08    -3.76        15.37    26.96    -3.74     0.123
    4.62    -5.37   -24.25         4.60    -5.38   -24.22     0.038
   -9.43   -20.52   -43.38        -9.41   -20.55   -43.44     0.077
   -1.41    18.16     7.75        -1.42    18.16     7.75     0.015
    0.12   -12.60   -32.17         0.14   -12.59   -32.17     0.018
   17.25    10.68   -28.06        17.24    10.67   -28.07     0.006
   -6.60     8.77    59.87        -6.66     8.78    59.87     0.063
   -0.79    -8.74   -31.15        -0.92    -8.77   -31.08     0.149
  -25.81    11.66   -24.48       -25.80    11.60   -24.49     0.062
  -34.69   -26.85   -19.55       -34.65   -26.80   -19.56     0.065
  -35.47   -26.04   -18.84       -35.42   -25.98   -18.87     0.086
  -35.35     1.40   -13.68       -35.35     1.39   -13.69     0.014
  -39.86    -6.47   -14.15       -39.91    -6.46   -14.11     0.064
   -8.22   -25.46   -37.34        -8.21   -25.46   -37.34     0.003
   11.18    -6.42    49.32        11.17    -6.34    49.32     0.077
  -22.32    -5.07    -5.45       -22.30    -5.08    -5.48     0.042
   14.13    14.16    63.02        14.13    14.16    63.10     0.088
   28.10    -7.68     7.06        28.11    -7.72     7.08     0.051
   28.13     8.30   -30.03        28.13     8.30   -30.02     0.007
    0.55    -3.39    63.43         0.55    -3.39    63.41     0.025
   31.32    -3.40   -25.22        31.38    -3.42   -25.28     0.087
    4.23    -7.65   -24.91         4.23    -7.65   -24.92     0.007
  -11.75     6.02   -38.70       -11.76     6.01   -38.69     0.012
    5.20   -13.10   -22.41         5.22   -13.12   -22.44     0.039
  -29.37     9.01   -18.88       -29.36     8.97   -18.91     0.055
   23.28    24.41   -19.79        23.26    24.33   -19.77     0.091
   -3.28    -3.85   -33.29        -3.28    -3.85   -33.29     0.002
  -35.11   -13.15   -45.11       -35.17   -13.19   -45.18     0.100
  -18.60    -6.91    -2.34       -18.61    -6.91    -2.33     0.022
   37.19    12.46     6.77        37.20    12.46     6.77     0.015
   17.30   -16.06   -14.49        17.31   -16.03   -14.47     0.041
    8.81    26.07     5.82         8.81    26.06     5.82     0.013
   -0.29    -6.18    50.72        -0.26    -6.12    50.72     0.068
   -5.05    -2.04    62.43        -5.04    -2.04    62.41     0.024
    1.86    21.81    34.53         1.86    21.79    34.53     0.024
   -6.01    -0.32    49.20        -5.85    -0.27    49.19     0.168
   -2.39    24.06    28.24        -2.39    24.08    28.24     0.015
  -33.45   -28.29   -32.50       -33.39   -28.20   -32.46     0.113
   33.69    -7.13   -15.30        33.64    -7.09   -15.28     0.067
  -28.73   -22.83    -9.18       -28.75   -22.89    -9.08     0.115
  -36.76     4.55   -21.07       -36.73     4.52   -21.08     0.046
   22.85    -6.39   -25.09        22.83    -6.40   -25.11     0.035
   22.02    -5.57    20.34        22.01    -5.54    20.34     0.037
  -19.24    11.44   -33.41       -19.25    11.36   -33.40     0.076
  -35.23   -27.16   -30.25       -35.20   -27.13   -30.24     0.039
   14.97    24.83    14.70        14.96    24.78    14.69     0.052
   31.73     1.41   -25.92        31.75     1.41   -25.93     0.024
    6.76    -7.28    54.15         6.75    -7.24    54.15     0.040
  -28.28   -20.45   -45.58       -28.33   -20.53   -45.72     0.169
  -13.11    17.44    17.55       -13.12    17.44    17.55     0.003
   12.26    15.35    63.14        12.26    15.35    63.09     0.045
   31.50    15.27   -21.87        31.44    15.24   -21.83     0.083
   11.92    17.06   -25.44        11.89    17.05   -25.44     0.040
  -25.63     5.71   -40.98       -25.65     5.74   -41.02     0.050
    7.51    -7.40    60.72         7.51    -7.35    60.72     0.052
   -5.41    -1.08    47.13        -5.54    -1.19    47.17     0.183
   22.86     1.25   -27.83        22.89     1.26   -27.80     0.046
   23.08     3.90    44.71        23.01     3.92    44.69     0.073
   24.69    -4.22    19.81        24.74    -4.30    19.83     0.101
   22.11     5.10    51.84        22.18     5.09    51.85     0.067
    5.33   -16.79   -12.76         5.36   -16.84   -12.76     0.060
   31.27    -9.07   -13.96        31.35    -9.17   -13.95     0.135
   34.00    16.44    -8.35        34.09    16.52    -8.33     0.119
   24.07     6.27    41.94        23.91     6.26    41.92     0.169
   15.70    25.66   -10.78        15.73    25.58   -10.76     0.080
   -6.14    -0.23    44.37        -5.93    -0.16    44.37     0.217
  -13.04    -7.22     4.68       -13.01    -7.20     4.66     0.046
  -16.24    17.02    22.65       -16.29    17.04    22.65     0.061
  -13.42   -13.76   -47.71       -13.44   -13.75   -47.66     0.050
   25.66   -12.34    -3.90        25.65   -12.31    -3.93     0.045
  -17.00     2.40    -6.05       -16.99     2.39    -6.05     0.012
   15.59     4.14    63.05        15.59     4.14    63.05     0.006
   -0.71   -16.47   -34.85        -0.64   -16.50   -34.87     0.072
    3.45   -17.52   -17.79         3.47   -17.57   -17.80     0.061
  -13.11     3.21     8.43       -13.12     3.22     8.43     0.011
   -0.72    21.57    35.94        -0.72    21.65    35.96     0.079
   29.35    -6.20   -24.93        29.35    -6.13   -24.87     0.089
   -2.73    -4.65    47.54        -2.87    -4.83    47.55     0.234
   13.07    -6.13    30.07        13.09    -6.32    30.08     0.193
   -1.94    23.00    31.54        -1.90    23.20    31.59     0.209
  -12.62    10.60   -23.89       -12.58    10.69   -23.87     0.097
   -3.63   -17.61    -8.12        -3.62   -17.74    -8.06     0.141
   -2.11     9.31   -10.28        -2.14     9.41   -10.30     0.109
  -34.46    -8.12   -45.08       -34.46    -8.11   -45.08     0.010
   -3.87   -23.98   -19.64        -3.92   -23.94   -19.66     0.071
  -39.95   -19.87   -18.19       -39.97   -19.89   -18.18     0.030
   18.23    -5.41    29.66        18.24    -5.42    29.66     0.013
   12.00   -16.04   -11.95        12.00   -16.01   -11.93     0.029
  -32.98   -15.32   -45.46       -32.99   -15.33   -45.48     0.023
   16.16   -17.03   -11.86        16.20   -16.86   -11.81     0.181
   34.18    -3.89   -20.23        34.14    -3.88   -20.22     0.041
   -5.62     0.74    62.42        -5.71     0.74    62.42     0.090
   -8.77   -25.67   -37.80        -8.81   -25.62   -37.76     0.077
  -40.62     0.68   -28.11       -40.71     0.74   -28.11     0.104
   -3.16     0.78   -28.27        -3.20     0.75   -28.23     0.068
   27.13     1.76   -30.16        27.16     1.80   -30.07     0.094
  -12.39   -27.56   -38.44       -12.40   -27.55   -38.43     0.021
   12.47    19.10   -29.55        12.41    19.11   -29.59     0.081
   22.48     7.28    52.05        22.33     7.28    52.02     0.154
  -16.03   -12.43    -2.94       -16.01   -12.40    -3.00     0.072
  -11.72   -27.00   -38.74       -11.74   -26.97   -38.71     0.049
  -16.47     4.78   -11.08       -16.52     4.92   -11.01     0.172
   21.19    24.91     7.07        21.21    24.96     7.08     0.052
   19.25    -3.89    39.14        19.08    -3.66    39.07     0.294
  -10.58     8.06   -16.21       -10.59     8.11   -16.20     0.054
