75 PA4-A-Demo-Slow-Output.txt 0
   -0.60   -18.54   -33.23        -0.59   -18.55   -33.23     0.005
    1.48   -11.74     8.12         1.48   -11.75     8.12     0.001
    8.22    20.75    48.87         8.22    20.75    48.87     0.000
   -3.54    -5.48    35.82        -3.54    -5.48    35.82     0.002
   33.89    -5.21     7.57        33.89    -5.21     7.57     0.001
    1.97   -18.34   -11.47         1.97   -18.33   -11.47     0.005
  -16.29   -31.62   -31.92       -16.29   -31.61   -31.92     0.002
  -12.61   -18.15   -45.81       -12.61   -18.15   -45.81     0.005
    3.76    -7.34    56.25         3.76    -7.34    56.25     0.002
   31.75    18.67     7.62        31.75    18.67     7.62     0.001
    4.61   -16.75   -18.65         4.61   -16.75   -18.65     0.001
  -35.31   -15.18    -8.84       -35.31   -15.18    -8.84     0.000
  -31.62   -25.49   -13.72       -31.62   -25.49   -13.72     0.001
  -22.35     5.18   -13.95       -22.35     5.18   -13.95     0.000
  -14.99     3.37    -2.79       -14.99     3.37    -2.79     0.004
   27.35     4.21    26.51        27.35     4.21    26.51     0.000
   22.81     3.23    45.07        22.81     3.23    45.07     0.002
    3.14    -7.20    33.79         3.13    -7.21    33.79     0.005
    6.32    22.80    28.94         6.32    22.79    28.94     0.006
  -38.18     1.10   -17.62       -38.18     1.10   -17.62     0.001
   16.32    -5.39    37.36        16.32    -5.39    37.36     0.004
  -40.96    -0.01   -23.25       -40.96    -0.02   -23.25     0.003
  -21.35   -22.44    -7.96       -21.35   -22.44    -7.96     0.003
  -17.85   -31.90   -22.00       -17.85   -31.90   -22.00     0.001
   31.18    19.94   -10.05        31.18    19.94   -10.05     0.000
  -40.25     1.11   -22.78       -40.25     1.11   -22.78     0.003
    4.04    20.00    45.28         4.04    20.00    45.28     0.000
  -32.79   -29.03   -23.33       -32.79   -29.03   -23.33     0.001
    9.06    -7.01    53.87         9.06    -7.01    53.87     0.000
   40.54     5.09    -4.32        40.54     5.09    -4.32     0.000
   -3.27   -15.91    -4.62        -3.27   -15.91    -4.62     0.001
  -29.56   -16.27    -7.44       -29.56   -16.27    -7.44     0.001
  -23.17     9.53   -18.14       -23.17     9.53   -18.14     0.000
  -20.56   -25.04    -9.46       -20.56   -25.04    -9.46     0.002
  -28.90   -23.11    -9.25       -28.90   -23.11    -9.24     0.003
   19.94   -10.14   -21.70        19.94   -10.14   -21.70     0.001
   -8.36    17.49    14.02        -8.36    17.49    14.02     0.000
   37.96    -0.64    -3.52        37.96    -0.64    -3.52     0.002
   -2.52     0.11   -27.81        -2.52     0.11   -27.81     0.001
  -26.07   -32.37   -23.16       -26.07   -32.37   -23.16     0.002
   29.11    -8.77   -22.14        29.11    -8.77   -22.14     0.001
  -34.05     7.83   -25.78       -34.05     7.83   -25.78     0.000
   -9.73   -21.65   -10.05        -9.73   -21.65   -10.05     0.002
   -7.52    17.94    13.60        -7.52    17.94    13.60     0.002
  -40.17   -10.28   -36.29       -40.17   -10.28   -36.29     0.000
    7.90    17.86    -7.84         7.90    17.86    -7.84     0.001
  -38.55    -1.34   -15.46       -38.55    -1.34   -15.46     0.000
   17.09    21.12   -29.16        17.09    21.12   -29.16     0.001
  -29.68   -24.02   -10.50       -29.68   -24.02   -10.50     0.002
  -14.76    17.75    19.36       -14.75    17.75    19.36     0.001
   25.22     5.30    34.72        25.22     5.30    34.72     0.002
    0.19    13.27    -2.15         0.19    13.27    -2.15     0.006
   28.79     6.65    22.44        28.79     6.65    22.44     0.001
   -6.73   -18.94    -8.80        -6.73   -18.94    -8.80     0.001
    6.00    -5.49    63.42         6.00    -5.49    63.42     0.000
   16.23    19.62    49.08        16.23    19.62    49.08     0.002
   -8.06     3.00    28.92        -8.06     3.00    28.92     0.000
   25.80    -8.03     6.81        25.80    -8.02     6.81     0.003
   21.31     6.16    59.88        21.31     6.16    59.88     0.003
  -24.35    -3.95   -47.35       -24.35    -3.95   -47.35     0.001
   19.14    22.96   -26.38        19.14    22.96   -26.38     0.000
    3.61    11.76    63.27         3.61    11.76    63.27     0.001
  -17.63   -12.43   -48.78       -17.63   -12.43   -48.78     0.000
   21.18    15.52    42.65        21.18    15.52    42.65     0.000
    0.81    22.22    11.68         0.81    22.22    11.68     0.002
  -40.89     0.11   -23.25       -40.89     0.11   -23.25     0.001
   -8.71    13.40    12.04        -8.71    13.40    12.04     0.001
   21.86    -9.58     3.93        21.86    -9.57     3.93     0.002
    2.52   -12.08     5.89         2.52   -12.09     5.89     0.005
   31.65    -7.75   -20.66        31.65    -7.75   -20.66     0.003
   14.89    23.93   -21.61        14.90    23.92   -21.61     0.004
   39.30     3.90     6.75        39.30     3.90     6.75     0.002
   -8.16    13.87    11.52        -8.16    13.87    11.52     0.001
   -3.16    -4.96    44.41        -3.16    -4.96    44.41     0.000
    1.85    -0.11    63.40         1.85    -0.11    63.40     0.000
