200 PA4-D-Debug-Output.txt 0
   -6.84     5.00    45.73        -6.84     5.00    45.73     0.002
   10.72     1.94    63.12        10.72     1.94    63.12     0.001
   -8.71     1.88   -40.08        -8.71     1.88   -40.08     0.001
   11.31     4.79   -17.45        11.31     4.79   -17.45     0.002
   19.04   -17.39    -9.84        19.04   -17.39    -9.84     0.006
    8.87   -12.15   -20.57         8.87   -12.15   -20.57     0.003
  -36.80   -18.88   -12.28       -36.80   -18.88   -12.28     0.001
  -19.39    11.85   -31.47       -19.39    11.85   -31.47     0.005
  -22.91   -16.18    -6.12       -22.91   -16.18    -6.12     0.002
  -43.85   -10.08   -23.44       -43.86   -10.08   -23.44     0.007
   38.44    10.62     4.19        38.44    10.62     4.19     0.004
  -35.44    -7.58    -9.04       -35.43    -7.58    -9.04     0.006
    1.13    -7.07   -27.41         1.14    -7.07   -27.41     0.004
   -1.39   -16.72    -6.51        -1.39   -16.72    -6.51     0.001
    4.22    21.32    36.73         4.22    21.32    36.73     0.007
    1.01    19.42    46.13         1.01    19.44    46.13     0.012
   17.17    -3.92    48.94        17.17    -3.92    48.94     0.003
    7.24   -12.52     6.32         7.24   -12.52     6.32     0.006
   22.11     2.39    48.25        22.11     2.40    48.25     0.009
   -8.43   -12.75     0.28        -8.43   -12.74     0.28     0.005
   -5.09    21.13    14.60        -5.09    21.13    14.60     0.002
  -40.62     0.10   -20.87       -40.62     0.10   -20.87     0.004
   17.29    26.72     4.05        17.29    26.72     4.05     0.001
   13.78    -5.06    61.96        13.78    -5.06    61.96     0.003
  -22.67     2.25   -44.65       -22.67     2.25   -44.65     0.001
  -15.47   -12.62    -2.89       -15.48   -12.62    -2.89     0.003
  -11.94     6.63    11.81       -11.95     6.63    11.81     0.002
   -6.05    -3.30    33.42        -6.05    -3.30    33.42     0.006
  -15.33    13.07    28.87       -15.33    13.07    28.87     0.005
   30.76    20.33    -2.47        30.76    20.33    -2.47     0.001
   -5.74    13.80     8.19        -5.74    13.80     8.19     0.003
    3.83   -17.14    -9.82         3.83   -17.14    -9.82     0.005
   11.88    20.39   -22.15        11.88    20.39   -22.15     0.003
   -3.38    16.68     8.83        -3.38    16.68     8.84     0.003
   30.71     2.47   -27.74        30.71     2.47   -27.74     0.001
  -37.96   -21.03   -15.95       -37.96   -21.03   -15.95     0.001
   28.85    21.79    -5.70        28.86    21.79    -5.70     0.003
   13.70    24.75   -10.46        13.70    24.74   -10.46     0.000
   -6.77     2.85    57.54        -6.77     2.85    57.54     0.002
   -7.36    -4.34    24.78        -7.36    -4.34    24.78     0.005
    6.55    -6.82    42.41         6.55    -6.82    42.41     0.002
   -6.65     3.26    47.82        -6.66     3.26    47.82     0.003
  -26.74   -31.20   -19.92       -26.74   -31.20   -19.92     0.002
   -3.91   -24.11   -31.25        -3.91   -24.12   -31.26     0.004
    3.49   -12.93     2.38         3.49   -12.93     2.38     0.001
  -42.96   -15.82   -24.11       -42.96   -15.82   -24.11     0.001
    2.36   -16.50    -7.36         2.36   -16.50    -7.36     0.000
  -17.76    11.87   -24.29       -17.76    11.87   -24.29     0.003
   31.58    19.49   -10.21        31.58    19.49   -10.21     0.001
    3.87    20.19    43.73         3.87    20.17    43.73     0.014
   11.66    25.21    13.69        11.66    25.20    13.69     0.007
   11.71    18.02   -22.62        11.70    18.01   -22.61     0.008
  -10.98     7.47    22.94       -10.98     7.47    22.94     0.003
    6.30    20.20    -3.88         6.30    20.20    -3.88     0.002
   16.58    -2.32   -22.30        16.58    -2.32   -22.30     0.001
  -36.94   -24.31   -33.81       -36.94   -24.31   -33.81     0.002
    3.37     1.11    63.42         3.37     1.11    63.42     0.001
   23.00    -5.02    20.60        23.00    -5.02    20.60     0.002
    0.25    19.51     6.89         0.25    19.51     6.89     0.000
   12.10    22.87    28.60        12.10    22.87    28.60     0.004
    8.90   -13.92   -18.38         8.90   -13.92   -18.38     0.003
   -9.81    -2.83    16.21        -9.81    -2.83    16.21     0.006
    5.32   -13.23   -22.32         5.32   -13.23   -22.32     0.004
  -33.78   -25.50   -15.86       -33.78   -25.50   -15.86     0.003
   33.99     2.97    13.40        33.99     2.97    13.41     0.004
    1.53    -6.86    62.86         1.53    -6.85    62.85     0.006
   -4.06     8.00   -17.56        -4.06     8.00   -17.56     0.001
  -19.25     7.44   -39.50       -19.25     7.44   -39.51     0.004
    1.78     1.09   -23.47         1.78     1.09   -23.47     0.000
  -32.27    -4.84    -9.43       -32.27    -4.84    -9.43     0.002
  -25.61   -27.59   -39.83       -25.61   -27.59   -39.83     0.001
   31.64    19.43    -9.33        31.64    19.43    -9.33     0.001
  -11.27    10.86    15.02       -11.27    10.86    15.02     0.000
   31.58    -5.02    11.48        31.58    -5.02    11.48     0.005
    3.85    20.91    39.86         3.85    20.91    39.86     0.000
   19.76    -6.00    22.28        19.76    -6.00    22.28     0.001
   37.16     8.53     8.56        37.16     8.53     8.56     0.003
   39.30     8.72     2.71        39.30     8.72     2.71     0.004
   17.73    -7.40   -22.68        17.73    -7.40   -22.68     0.001
    6.31    24.19     4.45         6.31    24.19     4.45     0.001
  -41.16   -10.39   -31.16       -41.17   -10.39   -31.16     0.006
   16.86    -5.68    31.60        16.86    -5.69    31.60     0.003
    2.75   -11.75    10.06         2.75   -11.75    10.06     0.005
   31.66    19.40    -8.78        31.66    19.40    -8.78     0.001
   29.57     6.91   -28.87        29.56     6.91   -28.87     0.002
  -12.56   -30.18   -32.83       -12.56   -30.18   -32.83     0.002
   18.12     7.58   -25.80        18.12     7.58   -25.80     0.002
   37.42    -1.64     7.05        37.42    -1.65     7.05     0.006
    4.61   -16.53   -19.20         4.61   -16.53   -19.20     0.002
  -37.34   -18.26   -12.68       -37.34   -18.26   -12.68     0.001
  -16.21    10.01   -35.99       -16.21    10.00   -35.99     0.003
   25.01    -0.09   -28.44        25.01    -0.10   -28.44     0.002
   -9.89     9.38    32.32        -9.89     9.38    32.31     0.008
   -2.16    -8.43    25.47        -2.16    -8.43    25.47     0.004
    8.57    18.33    -8.86         8.57    18.33    -8.86     0.000
  -43.22   -13.69   -22.61       -43.22   -13.69   -22.61     0.000
   11.76    24.33    18.72        11.76    24.34    18.72     0.010
   -6.72    -2.42    31.85        -6.72    -2.42    31.85     0.007
    3.62    19.40     1.29         3.63    19.40     1.30     0.004
  -37.37   -17.16   -40.86       -37.37   -17.15   -40.86     0.005
   14.55    22.57    32.41        14.55    22.56    32.41     0.005
  -37.87   -17.48   -12.94       -37.87   -17.48   -12.94     0.002
  -22.42   -11.35   -49.51       -22.42   -11.35   -49.51     0.002
   22.98     8.35    47.50        22.98     8.35    47.50     0.002
  -26.25    -6.49   -47.96       -26.25    -6.49   -47.96     0.000
   -4.64    -3.31    41.52        -4.64    -3.30    41.52     0.004
  -39.37   -13.88   -39.25       -39.37   -13.88   -39.25     0.001
    0.90    21.28    37.09         0.90    21.28    37.09     0.001
    4.09    -7.99   -25.10         4.09    -7.99   -25.10     0.001
   14.26    -5.83    39.19        14.26    -5.83    39.19     0.005
   -8.18    16.02    13.31        -8.18    16.01    13.31     0.004
   31.04     0.33   -26.98        31.05     0.33   -26.99     0.005
   -7.94     7.99   -21.85        -7.94     7.99   -21.85     0.001
   -0.03   -13.12   -33.43        -0.03   -13.12   -33.43     0.003
   37.19     4.57   -14.20        37.19     4.57   -14.20     0.002
   10.44    19.91   -11.59        10.44    19.91   -11.59     0.002
  -18.94     1.47   -45.25       -18.94     1.46   -45.25     0.003
    1.27     1.02   -24.04         1.27     1.02   -24.04     0.003
  -35.13   -14.07   -44.77       -35.13   -14.08   -44.77     0.002
  -39.51   -22.73   -28.46       -39.51   -22.73   -28.46     0.001
  -13.97    -9.39   -48.03       -13.97    -9.39   -48.02     0.002
    8.06    -9.84   -22.48         8.06    -9.84   -22.48     0.001
  -37.33   -16.34   -41.45       -37.33   -16.34   -41.45     0.000
   -6.08     6.05   -25.47        -6.08     6.05   -25.47     0.000
  -32.05     5.95   -36.79       -32.05     5.95   -36.79     0.001
   22.72    -7.06   -24.84        22.72    -7.06   -24.84     0.000
    0.32   -20.18   -24.07         0.32   -20.18   -24.07     0.002
   27.98    12.27   -28.40        27.98    12.27   -28.40     0.000
  -29.05     8.87   -33.11       -29.05     8.88   -33.11     0.002
  -12.68   -14.23    -3.16       -12.69   -14.23    -3.16     0.007
   -8.57    -7.39    10.75        -8.57    -7.39    10.75     0.000
   -3.79   -10.21    11.44        -3.78   -10.21    11.44     0.007
   -5.71    24.93    26.66        -5.71    24.93    26.66     0.007
  -37.55   -17.72   -40.25       -37.55   -17.72   -40.25     0.000
    3.67    23.93    21.12         3.67    23.93    21.12     0.002
  -40.24    -3.46   -36.03       -40.24    -3.46   -36.03     0.004
    7.68     2.97    63.18         7.68     2.97    63.18     0.002
   36.99    10.13   -11.29        37.00    10.13   -11.29     0.003
    2.23   -17.75   -22.46         2.23   -17.74   -22.46     0.003
   12.29   -16.77    -4.25        12.29   -16.77    -4.25     0.003
    3.76    17.07    -1.62         3.76    17.07    -1.63     0.003
   21.25    -0.73    44.83        21.25    -0.73    44.83     0.006
   22.46   -12.23   -21.22        22.46   -12.23   -21.22     0.001
  -32.40    -1.50   -43.69       -32.40    -1.50   -43.69     0.004
   11.18   -14.94   -14.82        11.18   -14.94   -14.82     0.000
  -37.54   -22.65   -16.98       -37.54   -22.65   -16.98     0.000
   -5.41    19.83    13.23        -5.41    19.83    13.23     0.003
  -41.96    -2.51   -20.34       -41.96    -2.51   -20.34     0.001
    1.15     8.72   -14.71         1.15     8.71   -14.71     0.001
   33.70    -5.74     5.33        33.69    -5.73     5.33     0.012
  -34.04   -27.18   -33.85       -34.05   -27.19   -33.85     0.008
  -31.83   -10.47   -46.70       -31.83   -10.47   -46.70     0.001
  -15.96   -17.24    -5.77       -15.96   -17.24    -5.76     0.003
   10.45    23.32    25.21        10.45    23.31    25.21     0.010
   -6.79     4.44    46.76        -6.78     4.44    46.76     0.003
  -37.72     0.63   -16.24       -37.72     0.63   -16.24     0.002
   13.02   -17.24    -7.82        13.02   -17.24    -7.82     0.001
   -6.17     2.78   -32.30        -6.17     2.78   -32.30     0.002
   38.62     4.08   -11.90        38.62     4.08   -11.90     0.003
   14.28    -5.89    34.34        14.28    -5.90    34.34     0.007
  -15.32   -31.87   -25.38       -15.32   -31.87   -25.38     0.002
   23.94    -3.70    23.73        23.93    -3.70    23.73     0.010
  -39.69     2.18   -28.42       -39.69     2.18   -28.42     0.006
  -15.85     5.77   -41.69       -15.85     5.77   -41.69     0.002
   33.06    -5.28   -21.91        33.06    -5.28   -21.91     0.003
   29.86    20.61     6.78        29.86    20.62     6.78     0.001
   31.21    -3.98   -25.26        31.21    -3.98   -25.26     0.005
   19.61    21.32    27.00        19.60    21.32    27.00     0.003
   18.52     6.53   -25.57        18.52     6.53   -25.57     0.002
    9.20    -7.87   -22.08         9.20    -7.87   -22.08     0.003
  -16.19    10.69   -21.65       -16.19    10.69   -21.65     0.002
   -1.22    20.27    40.30        -1.22    20.27    40.29     0.004
   -2.12    -5.38    45.78        -2.12    -5.38    45.78     0.000
   -0.44    18.81    46.29        -0.44    18.81    46.29     0.006
   -5.10    -0.45    62.78        -5.10    -0.45    62.78     0.001
   -3.50   -17.86    -8.37        -3.50   -17.86    -8.37     0.003
    5.58    17.54    -4.11         5.58    17.54    -4.11     0.001
  -27.29    11.27   -24.92       -27.29    11.27   -24.92     0.001
   26.38    10.83    27.75        26.38    10.83    27.75     0.004
   27.26   -12.69   -13.70        27.26   -12.69   -13.70     0.004
   -6.49     1.57    48.30        -6.49     1.57    48.30     0.001
    5.84   -12.31   -22.28         5.85   -12.31   -22.29     0.005
   30.85    13.58   -24.38        30.85    13.57   -24.38     0.003
   32.89     9.18    13.66        32.90     9.18    13.67     0.008
   38.18    11.19     2.84        38.19    11.19     2.84     0.014
  -12.99    10.01   -28.94       -13.00    10.01   -28.94     0.002
    0.86    17.97    56.38         0.86    17.97    56.38     0.004
    6.81    21.97    33.27         6.81    21.97    33.27     0.004
    3.36     8.68   -14.81         3.36     8.68   -14.81     0.001
  -39.67     1.90   -30.32       -39.67     1.90   -30.32     0.000
   14.72    -6.82    21.83        14.72    -6.82    21.83     0.005
  -27.06   -31.48   -32.22       -27.06   -31.47   -32.22     0.009
    6.91    -6.83    38.43         6.91    -6.82    38.43     0.007
   30.01    21.01     0.06        30.01    21.01     0.06     0.005
   23.78    11.32   -30.99        23.77    11.32   -30.98     0.003
   -5.31    24.85    25.46        -5.31    24.85    25.46     0.006
   19.85    13.87    59.51        19.85    13.87    59.51     0.006
  -25.80    -4.83    -8.18       -25.80    -4.83    -8.18     0.001
  -33.36     7.79   -22.21       -33.36     7.79   -22.21     0.008
   11.32    26.89     3.57        11.32    26.89     3.57     0.002
