200 PA4-E-Debug-Output.txt 0
  -30.55     9.49   -21.33       -30.52     9.40   -21.35     0.099
   -3.49   -23.27   -32.86        -3.48   -23.29   -32.87     0.023
   -8.08     8.18   -12.99        -8.08     8.17   -12.99     0.007
   -5.96   -24.94   -34.51        -5.96   -24.94   -34.51     0.006
  -32.47    -7.42    -8.23       -32.46    -7.43    -8.26     0.026
   27.30     5.19    27.12        27.26     5.20    27.11     0.039
  -11.39    -3.08    11.53       -11.49    -3.15    11.58     0.131
    9.89    25.22    14.03         9.88    25.16    14.02     0.065
  -29.01   -21.30    -8.06       -29.02   -21.31    -8.03     0.035
   -9.03     2.60    24.58        -9.06     2.60    24.59     0.035
  -29.67     7.43   -36.07       -29.70     7.49   -36.09     0.066
  -22.58     9.47   -17.99       -22.58     9.42   -18.07     0.093
   20.55    -0.35    49.73        20.63    -0.39    49.74     0.084
    0.81    -8.11   -28.05         0.84    -8.10   -28.07     0.041
   37.24    -2.01     4.14        37.22    -1.99     4.14     0.028
  -22.79   -17.64    -6.30       -22.78   -17.64    -6.27     0.022
   33.46     8.86   -23.47        33.44     8.86   -23.45     0.031
  -38.41   -22.43   -18.20       -38.35   -22.38   -18.22     0.081
  -25.58    -1.45   -46.81       -25.59    -1.44   -46.84     0.033
   15.75    -6.48    21.24        15.79    -6.73    21.27     0.259
  -19.96   -13.20    -4.84       -19.96   -13.21    -4.83     0.013
   18.58    -1.54    58.27        18.52    -1.48    58.26     0.080
  -25.71    -0.47   -46.19       -25.72    -0.45   -46.22     0.040
    4.40    12.48    63.21         4.39    12.48    63.19     0.024
   38.19    -0.28     2.64        38.20    -0.28     2.64     0.008
   33.99    -3.83    10.40        33.99    -3.83    10.40     0.001
   -5.83    -0.39    40.52        -6.02    -0.44    40.52     0.196
   -6.83    19.50    14.07        -6.90    19.61    13.95     0.174
   -6.40    20.90    14.61        -6.32    20.78    14.74     0.193
   35.60    11.66   -14.65        35.60    11.66   -14.65     0.001
    6.25    17.81    62.81         6.27    17.90    62.88     0.114
   11.85    21.76    45.58        11.89    21.62    45.57     0.145
  -37.69   -11.43   -42.59       -37.62   -11.43   -42.55     0.084
  -11.16    21.97    18.63       -11.13    21.93    18.67     0.065
    5.36    -8.37    22.69         5.33    -8.28    22.68     0.098
  -25.78   -29.63   -37.08       -25.76   -29.55   -37.05     0.092
    5.87    23.81     3.93         5.92    23.74     3.95     0.095
  -10.73   -14.68   -46.28       -10.71   -14.69   -46.30     0.034
   -5.63   -22.64   -37.23        -5.56   -22.70   -37.28     0.106
    9.69   -15.17   -13.88         9.72   -15.38   -13.93     0.211
   13.92     6.71    62.99        13.92     6.71    63.02     0.025
  -35.04     3.92   -15.98       -35.11     3.97   -15.87     0.144
   14.06    -6.88    21.59        14.07    -6.94    21.60     0.069
   33.27    -6.02    -3.66        33.17    -5.95    -3.66     0.125
    7.89    20.48    45.77         7.86    20.63    45.78     0.148
   20.03    25.44     6.93        20.05    25.47     6.94     0.036
  -14.58   -24.76   -42.61       -14.59   -24.72   -42.57     0.052
   21.30    15.94    39.84        21.39    16.00    39.85     0.106
  -24.56     0.75   -45.82       -24.56     0.75   -45.81     0.006
   36.87    -1.56    -2.30        36.92    -1.61    -2.30     0.078
   39.86     7.65    -3.68        39.82     7.63    -3.67     0.040
   -8.94     9.22     5.50        -8.89     9.18     5.51     0.060
  -24.41    -8.00    -6.07       -24.40    -8.00    -6.09     0.026
  -13.96     5.23    -8.28       -13.96     5.23    -8.28     0.002
    2.83    18.56     2.15         2.87    18.54     2.17     0.042
   -9.48    -4.43    14.29        -9.53    -4.46    14.30     0.057
  -25.05    -0.07   -11.35       -25.04    -0.09   -11.37     0.027
   -6.77     1.40    36.31        -6.75     1.40    36.30     0.022
   28.37    -7.76     7.04        28.36    -7.70     7.02     0.071
   18.43   -12.72   -18.70        18.43   -12.73   -18.71     0.017
   21.63     8.79    56.40        21.75     8.80    56.42     0.123
   36.17    -3.42    -9.83        36.10    -3.36    -9.86     0.092
   13.61   -10.80   -20.15        13.60   -10.63   -20.00     0.227
   -4.56    -4.46    37.74        -4.46    -4.37    37.72     0.139
  -39.39   -14.67   -13.74       -39.36   -14.66   -13.76     0.033
    9.89    22.74    29.93         9.89    22.62    29.90     0.116
   -3.26   -14.48   -39.67        -3.29   -14.48   -39.64     0.047
   -1.53    -5.52    50.53        -1.52    -5.51    50.53     0.012
   34.36    -3.15    10.57        34.38    -3.16    10.59     0.027
   -7.82   -10.68     4.65        -7.80   -10.63     4.63     0.051
  -26.11   -28.69   -14.48       -26.13   -28.77   -14.45     0.080
    0.51    10.84    -7.95         0.51    10.82    -7.94     0.021
   20.04     0.40   -24.42        20.04     0.40   -24.41     0.012
   -5.01    -2.38    62.25        -5.01    -2.39    62.25     0.007
    1.30    -3.89   -26.18         1.29    -3.89   -26.16     0.017
  -43.12    -9.69   -20.16       -43.09    -9.68   -20.17     0.031
   25.48    16.11   -27.66        25.47    16.10   -27.65     0.012
  -40.32    -1.24   -17.59       -40.33    -1.24   -17.58     0.008
    3.48    18.97    56.28         3.51    18.85    56.27     0.127
   25.40     5.94    34.10        25.42     5.94    34.10     0.012
   -7.08     6.78    50.16        -7.00     6.77    50.16     0.084
   14.68   -17.39    -9.40        14.71   -17.27    -9.37     0.130
   28.68     0.69    21.10        28.59     0.72    21.06     0.107
  -38.83   -21.18   -17.47       -38.83   -21.17   -17.47     0.012
   23.81     4.48   -29.87        23.79     4.45   -29.97     0.103
   -8.93     7.57    30.81        -8.93     7.57    30.81     0.002
  -14.06    10.81   -21.65       -14.07    10.74   -21.67     0.067
  -34.10    -5.17   -44.31       -34.10    -5.17   -44.32     0.005
   -1.05   -10.29    16.21        -1.05   -10.27    16.20     0.025
    9.86     8.38    63.04         9.86     8.38    63.05     0.010
  -11.97     9.62    16.66       -11.84     9.64    16.68     0.128
  -29.87   -29.41   -18.48       -29.87   -29.40   -18.48     0.013
    8.11    -6.94    30.18         8.10    -6.92    30.18     0.024
  -22.26     8.83   -37.55       -22.26     8.87   -37.58     0.051
  -43.08   -16.12   -26.27       -43.09   -16.13   -26.27     0.008
    9.14    21.86    -7.34         9.08    21.91    -7.37     0.080
  -36.03   -19.72   -11.89       -36.00   -19.68   -11.94     0.064
   18.84    21.65    28.31        18.83    21.62    28.31     0.033
    3.88    -7.29    32.52         3.88    -7.29    32.52     0.003
   31.21    16.99   -20.06        31.25    17.02   -20.07     0.052
  -10.13   -18.53    -7.78       -10.13   -18.62    -7.67     0.140
   -5.62    -1.18    48.86        -5.56    -1.16    48.86     0.068
   13.57    21.99    37.47        13.60    22.12    37.47     0.130
   20.30    11.43   -30.70        20.30    11.43   -30.70     0.002
   13.50    27.12     4.49        13.50    27.12     4.49     0.003
   -3.37    -4.99    43.57        -3.33    -4.94    43.56     0.068
  -42.57    -9.93   -18.44       -42.59    -9.93   -18.44     0.015
   -9.51     7.12    26.83        -9.85     6.97    26.90     0.379
   33.96    -4.73   -20.61        33.86    -4.66   -20.58     0.125
    7.39    25.43     6.04         7.38    25.48     6.04     0.046
  -19.32   -24.52    -9.54       -19.30   -24.55    -9.48     0.074
   26.22    -9.78     1.20        26.23    -9.91     1.24     0.137
   34.56    15.13     7.68        34.53    15.10     7.66     0.042
   -6.27    -8.36    15.07        -6.29    -8.38    15.07     0.021
   -5.53    -1.56    56.48        -5.42    -1.52    56.48     0.111
  -34.95     1.28   -40.08       -34.93     1.26   -40.06     0.028
    2.93    23.31    28.10         2.91    23.23    28.09     0.075
   35.06     7.50   -19.90        35.23     7.52   -19.96     0.177
  -19.31   -24.92   -43.71       -19.31   -24.91   -43.70     0.006
  -30.09   -30.88   -24.75       -30.05   -30.79   -24.76     0.097
  -41.82    -1.07   -27.33       -41.91    -1.01   -27.33     0.105
    2.42    -7.96    27.21         2.43    -8.01    27.22     0.053
   31.25    13.38   -24.38        31.12    13.29   -24.28     0.186
   -0.24    -6.90   -29.08        -0.18    -6.88   -29.13     0.073
   13.61    -5.81    55.66        13.55    -5.71    55.65     0.112
   -3.93    -2.31   -35.21        -3.89    -2.30   -35.21     0.037
   15.60    19.54   -30.82        15.59    19.56   -30.85     0.040
    6.82    -8.27    19.39         6.86    -8.43    19.44     0.172
   24.79    16.43   -27.71        24.81    16.45   -27.76     0.060
  -15.18   -17.30   -47.16       -15.18   -17.30   -47.16     0.002
    0.69    -6.97    35.67         0.69    -7.04    35.68     0.072
   32.25     8.33   -25.81        32.30     8.34   -25.84     0.059
  -22.12     2.34   -11.66       -22.15     2.38   -11.63     0.054
  -36.90   -11.54   -43.39       -36.98   -11.53   -43.45     0.100
   -8.25    25.01    24.28        -8.25    25.02    24.28     0.010
    8.10   -10.63   -21.96         8.13   -10.65   -22.01     0.057
   12.06    -6.52    60.03        11.97    -6.29    60.03     0.249
   16.55    22.49    28.44        16.54    22.43    28.43     0.064
    7.90    22.21    32.50         7.90    22.19    32.50     0.014
   17.70   -12.96   -18.45        17.73   -12.90   -18.37     0.103
   19.84    -8.43   -23.00        19.83    -8.46   -23.03     0.038
   -1.49   -13.45    -0.07        -1.49   -13.48    -0.06     0.033
    9.60    21.23    52.82         9.59    21.06    52.79     0.169
  -14.50    17.45    33.26       -14.54    17.46    33.29     0.050
   35.34    -4.61   -15.72        35.28    -4.57   -15.72     0.075
   -4.71    12.27    61.37        -4.79    12.32    61.38     0.093
   28.14    18.58   -22.85        28.17    18.61   -22.88     0.051
  -26.79   -32.15   -26.29       -26.80   -32.18   -26.29     0.031
  -12.28     2.46    12.12       -12.25     2.46    12.11     0.040
   27.07    21.09   -21.40        27.15    21.17   -21.49     0.139
   39.95     4.47     1.35        39.80     4.49     1.35     0.151
   14.04    22.02    34.78        14.05    22.17    34.83     0.154
    3.92    14.12    -5.78         3.96    14.07    -5.73     0.080
   -3.63     2.26    63.13        -3.63     2.26    63.13     0.000
   20.94    19.02   -28.47        20.95    19.03   -28.49     0.035
   -9.62     2.40    21.62        -9.70     2.38    21.64     0.084
  -18.27    -3.92   -47.47       -18.27    -3.92   -47.47     0.008
   16.66    19.30    48.26        16.67    19.31    48.27     0.019
   24.57     5.58    37.53        24.60     5.58    37.53     0.034
   14.74   -17.48    -8.51        14.73   -17.51    -8.51     0.028
  -40.26    -8.04   -34.65       -40.26    -8.04   -34.65     0.002
  -13.38    18.06    34.82       -13.32    18.04    34.76     0.090
  -19.71   -31.69   -17.59       -19.73   -31.63   -17.62     0.064
   -6.08    14.17     9.28        -6.11    14.19     9.26     0.038
  -24.95   -11.42   -48.56       -24.96   -11.43   -48.59     0.038
   30.22    19.98   -18.09        30.18    19.95   -18.08     0.050
    1.91    16.84     1.76         1.85    16.89     1.72     0.092
  -24.75   -12.26   -48.50       -24.76   -12.26   -48.53     0.030
   30.26   -10.74   -14.46        30.19   -10.66   -14.48     0.106
    2.40    21.53    35.15         2.40    21.62    35.17     0.082
   -3.78    -4.97    38.13        -3.77    -4.96    38.13     0.019
  -14.38    -5.82     4.04       -14.33    -5.80     4.01     0.060
  -21.30   -22.76    -8.24       -21.29   -22.80    -8.19     0.067
   24.41    16.48    25.21        24.54    16.54    25.25     0.150
  -21.88    -5.62    -5.01       -21.92    -5.59    -4.96     0.074
   -8.02    -5.89   -44.33        -7.96    -5.85   -44.40     0.097
  -16.54     6.23   -13.16       -16.54     6.24   -13.15     0.009
   18.27    26.60    -4.42        18.27    26.63    -4.42     0.031
   18.98    -6.22    19.55        19.01    -6.37    19.56     0.158
   20.04     0.95    59.82        19.93     1.00    59.81     0.127
   11.05   -11.54   -19.85        11.06   -11.57   -19.88     0.045
   11.70    25.41    13.46        11.71    25.27    13.43     0.143
   30.20     0.06   -27.48        30.22     0.04   -27.50     0.030
   -6.82     9.24    -1.94        -6.77     9.17    -1.93     0.085
   34.67    15.36     6.69        34.73    15.40     6.71     0.075
  -30.28     9.93   -24.11       -30.30     9.97   -24.11     0.053
  -30.14     9.81   -29.35       -30.14     9.80   -29.34     0.013
  -30.62     5.58   -39.08       -30.63     5.59   -39.08     0.010
  -18.92   -29.40   -38.17       -18.90   -29.47   -38.22     0.090
  -38.87   -21.29   -33.89       -38.91   -21.31   -33.90     0.047
  -16.73     1.54    -2.12       -16.76     1.57    -2.11     0.049
   -4.55    -3.72    39.15        -4.57    -3.73    39.15     0.023
    7.34    24.31    17.84         7.33    24.41    17.85     0.106
    8.37    20.80    45.25         8.38    20.75    45.24     0.047
  -18.30     4.74   -11.99       -18.31     4.75   -11.98     0.009
  -31.13     5.77   -37.99       -31.17     5.86   -38.03     0.103
   -2.82    -2.50   -30.09        -2.78    -2.48   -30.12     0.047
   37.35    12.58     1.93        37.38    12.60     1.93     0.040
   -3.62    11.76    -0.81        -3.54    11.63    -0.77     0.155
  -39.89     1.84   -28.76       -39.91     1.85   -28.76     0.016
