200 PA4-B-Debug-Output.txt 0
  -30.58   -10.77   -47.18       -30.58   -10.77   -47.17     0.002
    3.23     8.75    63.39         3.23     8.75    63.39     0.001
  -40.63    -7.24   -14.85       -40.63    -7.24   -14.85     0.002
  -10.87     8.41   -32.69       -10.87     8.41   -32.69     0.003
   38.59    10.67     0.94        38.59    10.68     0.94     0.003
  -25.08   -13.28    -6.09       -25.08   -13.28    -6.09     0.001
  -15.33   -27.82   -39.42       -15.33   -27.82   -39.42     0.000
  -18.81    -8.38    -2.71       -18.81    -8.38    -2.71     0.000
   38.45     0.43   -12.18        38.45     0.43   -12.18     0.005
   -5.47    13.85     7.97        -5.48    13.85     7.97     0.002
   31.26    16.79   -20.50        31.26    16.79   -20.50     0.002
   15.64     0.72   -21.62        15.64     0.72   -21.62     0.001
  -15.42   -13.83    -3.81       -15.42   -13.83    -3.81     0.001
   34.21     7.60   -21.86        34.21     7.60   -21.86     0.002
   -2.21   -10.11    16.56        -2.21   -10.11    16.56     0.000
   -6.27     7.63    62.12        -6.27     7.63    62.12     0.000
  -32.13    -7.71    -8.01       -32.13    -7.71    -8.01     0.002
   -2.27    12.02    -1.79        -2.27    12.02    -1.79     0.002
  -28.89    -2.52   -45.94       -28.89    -2.52   -45.94     0.001
   18.22   -10.65     5.25        18.22   -10.66     5.25     0.003
   17.76    18.37    47.84        17.76    18.37    47.84     0.001
   17.88    27.06    -2.09        17.88    27.06    -2.09     0.000
  -25.92   -31.41   -19.99       -25.92   -31.41   -19.99     0.002
    3.74   -13.19     1.25         3.73   -13.20     1.25     0.003
  -30.55     6.17   -38.04       -30.55     6.17   -38.04     0.001
   -5.00    -8.96   -42.28        -5.00    -8.96   -42.28     0.000
  -12.66   -28.10   -37.72       -12.65   -28.10   -37.72     0.003
   18.81    21.90    26.23        18.81    21.90    26.23     0.001
   15.12     3.81    63.04        15.12     3.81    63.04     0.001
   -7.42   -22.03   -11.91        -7.42   -22.03   -11.91     0.004
    1.00    23.77    25.47         1.00    23.77    25.47     0.004
  -34.13   -13.27   -45.88       -34.13   -13.27   -45.88     0.001
   36.90    13.45     3.73        36.90    13.44     3.73     0.004
  -29.56    -5.72    -8.62       -29.56    -5.72    -8.62     0.002
  -25.99    11.06   -29.98       -25.99    11.05   -29.98     0.004
    7.45   -14.91    -1.58         7.45   -14.91    -1.58     0.001
   20.12    17.05   -30.37        20.12    17.05   -30.37     0.001
  -21.72   -10.73    -4.23       -21.72   -10.73    -4.23     0.003
  -22.26   -12.16    -4.82       -22.26   -12.16    -4.82     0.000
  -21.56     6.19   -14.95       -21.56     6.19   -14.95     0.001
   19.00     0.17   -23.51        19.00     0.17   -23.51     0.001
    6.02    19.97    -3.42         6.01    19.97    -3.42     0.002
  -16.03   -17.52   -47.17       -16.03   -17.53   -47.17     0.001
  -25.49     4.15   -42.58       -25.49     4.15   -42.58     0.000
  -18.86   -29.45   -38.24       -18.86   -29.45   -38.24     0.003
    1.34    22.85    30.44         1.34    22.85    30.44     0.002
  -10.49     9.73    31.78       -10.49     9.73    31.78     0.001
  -40.80   -14.39   -30.59       -40.80   -14.39   -30.59     0.001
   -6.63     3.93   -31.58        -6.64     3.93   -31.58     0.004
   -5.33   -24.09   -35.09        -5.33   -24.09   -35.09     0.003
   11.80    22.01    39.71        11.80    22.01    39.71     0.000
   28.84    -7.92     6.22        28.84    -7.92     6.22     0.001
  -12.29   -25.45   -41.00       -12.29   -25.45   -41.01     0.002
  -36.39     5.30   -22.15       -36.39     5.30   -22.15     0.001
   17.70    -2.09    60.80        17.70    -2.09    60.80     0.001
   21.45   -14.65    -4.45        21.45   -14.65    -4.45     0.003
   12.18    21.50   -15.18        12.17    21.50   -15.18     0.002
  -18.71    -6.81   -48.43       -18.71    -6.81   -48.43     0.000
   40.37     4.10    -2.60        40.37     4.10    -2.60     0.001
    6.43    21.91    33.46         6.43    21.91    33.46     0.002
    6.99   -10.18   -22.83         6.99   -10.18   -22.82     0.003
   18.83   -13.89    -1.60        18.83   -13.89    -1.60     0.001
   17.77    20.09   -29.55        17.77    20.09   -29.55     0.003
   12.61    14.97   -12.80        12.61    14.97   -12.80     0.001
   -8.20   -20.65    -9.82        -8.20   -20.65    -9.82     0.001
   15.00   -17.58    -8.42        15.00   -17.57    -8.42     0.003
   35.51    -3.64     1.88        35.51    -3.64     1.88     0.003
   29.37    19.22   -21.09        29.37    19.22   -21.09     0.000
   25.49   -11.36   -21.27        25.49   -11.37   -21.27     0.003
   -2.08     1.38   -26.47        -2.08     1.38   -26.47     0.001
  -11.96   -25.83   -40.39       -11.96   -25.83   -40.39     0.003
   11.69    25.97    11.00        11.69    25.97    11.00     0.002
   24.22    16.30   -28.10        24.22    16.30   -28.10     0.001
   21.30     0.79    49.06        21.30     0.79    49.06     0.002
   -1.97   -11.14     9.39        -1.97   -11.13     9.39     0.004
   18.37    26.29    -7.45        18.37    26.29    -7.45     0.000
    6.34    -6.99    48.01         6.34    -6.99    48.01     0.001
    2.44     3.85    63.56         2.44     3.85    63.56     0.002
  -28.53     7.05   -38.03       -28.53     7.05   -38.03     0.002
   -6.03    14.19     9.14        -6.03    14.20     9.14     0.002
   34.49    15.19     7.58        34.49    15.19     7.58     0.002
   -6.49    24.59    22.37        -6.49    24.60    22.37     0.004
  -13.05   -30.81   -30.90       -13.05   -30.80   -30.90     0.005
  -42.39    -8.55   -17.89       -42.39    -8.55   -17.89     0.004
    2.85     6.13   -18.31         2.85     6.13   -18.31     0.001
  -25.82   -26.27   -41.46       -25.82   -26.27   -41.46     0.002
   13.13   -16.24    -1.89        13.13   -16.24    -1.89     0.002
   -9.58     4.01    23.84        -9.58     4.01    23.84     0.001
   15.52   -10.67     7.09        15.53   -10.68     7.09     0.006
   -1.32    19.73    41.86        -1.32    19.74    41.86     0.004
   -0.42   -21.12   -22.93        -0.43   -21.12   -22.93     0.003
  -27.29   -27.09   -12.03       -27.29   -27.09   -12.03     0.003
   18.51   -17.05    -6.17        18.51   -17.05    -6.17     0.000
   -7.11     5.56    40.16        -7.11     5.56    40.16     0.001
   25.07    11.73    31.68        25.07    11.73    31.68     0.003
   12.42   -16.79    -8.95        12.42   -16.79    -8.95     0.001
   -6.64   -14.81   -43.09        -6.64   -14.81   -43.09     0.001
   19.50    -2.01    46.97        19.49    -2.01    46.97     0.006
   18.91   -16.80    -5.67        18.91   -16.80    -5.67     0.001
   33.76    11.12   -21.40        33.76    11.12   -21.40     0.002
   10.59    22.65    29.75        10.59    22.65    29.75     0.002
    3.80   -15.70    -5.58         3.80   -15.69    -5.58     0.005
   10.19    -7.70    19.68        10.19    -7.70    19.68     0.003
  -16.38     2.52   -44.43       -16.38     2.52   -44.43     0.001
   25.50    22.05    11.44        25.50    22.05    11.44     0.002
  -41.42   -19.55   -23.95       -41.42   -19.55   -23.95     0.001
   29.27    21.20     6.54        29.27    21.20     6.54     0.000
  -13.95    12.57    19.76       -13.95    12.57    19.76     0.004
  -30.41     6.93   -36.79       -30.42     6.93   -36.79     0.003
   27.25    22.82     4.08        27.25    22.82     4.08     0.001
  -34.50   -17.38    -9.39       -34.50   -17.38    -9.39     0.002
    8.35    25.33    12.69         8.35    25.33    12.69     0.003
   15.61    23.09    23.88        15.61    23.10    23.88     0.003
    8.89    24.24    19.69         8.89    24.25    19.69     0.001
   -2.93    -8.57   -39.77        -2.93    -8.57   -39.77     0.000
   -1.46    17.05    49.62        -1.46    17.05    49.62     0.002
    0.74    11.88    -5.94         0.75    11.88    -5.94     0.003
   -6.10     0.39    48.48        -6.10     0.39    48.48     0.001
   33.06    12.47   -21.98        33.06    12.47   -21.98     0.002
    9.72    -6.81    28.59         9.72    -6.81    28.59     0.001
    4.01    23.63    23.16         4.01    23.63    23.16     0.001
   11.21    -1.83    63.20        11.21    -1.83    63.20     0.001
   25.65    -7.77     7.69        25.65    -7.77     7.69     0.001
    0.86    23.96    22.79         0.86    23.96    22.79     0.001
   14.40    22.57    32.26        14.40    22.56    32.26     0.001
  -19.01   -20.60   -46.74       -19.01   -20.60   -46.74     0.001
   10.64    23.28    25.38        10.64    23.29    25.38     0.002
   38.31    11.06     2.35        38.31    11.06     2.35     0.000
  -39.70   -10.62   -38.88       -39.70   -10.62   -38.88     0.002
   31.57    18.97     7.46        31.57    18.97     7.46     0.001
   27.32   -12.41   -17.32        27.32   -12.40   -17.32     0.004
   21.27    -3.62    31.55        21.26    -3.61    31.55     0.004
   21.02     4.09    58.64        21.03     4.09    58.64     0.003
   33.50    13.80   -18.67        33.50    13.80   -18.67     0.000
   -8.23   -13.29    -0.58        -8.23   -13.28    -0.58     0.004
   34.15    -4.99     1.02        34.15    -4.99     1.02     0.002
   33.02    15.50     9.82        33.03    15.50     9.82     0.001
   20.94    13.09    53.12        20.94    13.09    53.12     0.001
   30.61     3.94    18.36        30.61     3.94    18.36     0.001
   27.36     1.62    25.15        27.36     1.62    25.15     0.001
   17.28    24.87   -23.49        17.28    24.87   -23.49     0.000
    3.61    -6.94    45.97         3.61    -6.94    45.97     0.003
    0.15    17.89    53.65         0.15    17.89    53.65     0.000
   22.01     8.74    53.96        22.01     8.74    53.96     0.005
    2.44    22.19    32.51         2.44    22.18    32.51     0.001
   -2.13    -2.17   -28.85        -2.12    -2.16   -28.85     0.003
    6.37    14.86    63.15         6.37    14.86    63.15     0.000
    3.43    -7.37    61.30         3.43    -7.37    61.30     0.001
   -4.58    21.75    15.27        -4.58    21.75    15.27     0.001
   -6.08   -18.12   -41.76        -6.09   -18.12   -41.76     0.002
   18.36    -5.69    26.07        18.36    -5.68    26.07     0.002
  -32.47    -0.09   -42.70       -32.47    -0.09   -42.70     0.001
   11.50    19.62   -22.58        11.51    19.61   -22.58     0.004
   -0.20    -7.25    33.93        -0.20    -7.25    33.93     0.001
  -10.20    24.85    25.27       -10.20    24.85    25.27     0.001
  -10.50    -7.50     7.31       -10.50    -7.50     7.31     0.003
  -14.62   -16.52    -5.51       -14.62   -16.52    -5.51     0.002
   29.59    16.36    13.98        29.59    16.36    13.98     0.001
   -2.59    15.10    60.69        -2.60    15.10    60.69     0.002
    4.16    18.27    62.36         4.16    18.27    62.36     0.001
    6.80    22.09    32.66         6.80    22.08    32.66     0.006
   -4.09    -6.07    31.77        -4.10    -6.07    31.77     0.003
   23.33    23.17    11.17        23.33    23.16    11.17     0.005
  -12.10    22.78    20.10       -12.10    22.78    20.10     0.002
  -41.62    -7.31   -16.81       -41.62    -7.31   -16.81     0.002
   -9.70    23.38    19.69        -9.70    23.38    19.69     0.001
   -1.79    -5.87    42.94        -1.79    -5.87    42.94     0.002
    8.74   -14.65   -17.25         8.74   -14.66   -17.25     0.004
  -36.02   -10.61   -44.45       -36.02   -10.61   -44.45     0.000
  -42.72   -16.65   -24.84       -42.72   -16.65   -24.84     0.003
  -26.47   -13.85    -6.28       -26.47   -13.85    -6.28     0.000
   28.09    15.22    17.49        28.09    15.22    17.49     0.001
  -28.88   -18.43   -46.29       -28.88   -18.43   -46.29     0.002
   -4.85    -3.01    43.41        -4.85    -3.01    43.41     0.003
  -43.00   -16.38   -26.70       -43.00   -16.38   -26.70     0.004
  -28.96   -16.30   -47.12       -28.96   -16.30   -47.12     0.001
   38.50     6.75     7.53        38.50     6.75     7.53     0.001
   30.65    17.14   -21.35        30.65    17.14   -21.35     0.002
    0.42    21.67    35.46         0.42    21.67    35.46     0.004
  -14.85   -31.79   -26.46       -14.85   -31.79   -26.46     0.001
  -38.76   -22.71   -19.90       -38.76   -22.71   -19.90     0.003
  -16.54    -7.30   -48.08       -16.54    -7.30   -48.08     0.002
   19.94     2.62   -25.26        19.94     2.62   -25.26     0.001
   20.89    -6.04    19.05        20.89    -6.04    19.05     0.001
   18.38    -7.02    16.10        18.38    -7.03    16.10     0.004
    2.98    11.31    63.29         2.98    11.31    63.29     0.001
   12.28     0.79   -20.79        12.28     0.79   -20.79     0.000
   -3.90    22.79    33.81        -3.90    22.79    33.81     0.001
   13.52    -5.76    53.74        13.52    -5.76    53.74     0.000
  -12.11     9.90    18.68       -12.12     9.90    18.68     0.006
    1.26    -6.75    44.94         1.26    -6.76    44.94     0.004
   21.67     8.12    57.35        21.68     8.12    57.35     0.002
   13.94    -5.51    53.57        13.94    -5.52    53.57     0.004
  -19.09    -8.10    -2.82       -19.09    -8.10    -2.82     0.001
  -29.56   -21.72    -8.47       -29.56   -21.72    -8.47     0.000
   -3.62    -9.76    14.68        -3.62    -9.76    14.68     0.000
    5.52   -16.75   -13.57         5.52   -16.75   -13.57     0.002
   -6.99    -7.68    15.56        -6.99    -7.68    15.56     0.000
   -6.52   -26.85   -31.02        -6.52   -26.85   -31.02     0.000
  -26.14    -3.70   -47.25       -26.14    -3.70   -47.25     0.001
