200 PA4-K-Unknown-Output.txt 0
   11.99   -15.19   -14.04        11.99   -15.12   -14.01     0.077
   22.29     8.05    51.49        22.39     8.06    51.51     0.098
   20.77    14.85   -30.79        20.75    14.85   -30.75     0.045
   -1.92    -9.75   -37.48        -1.85    -9.76   -37.50     0.072
   28.49    21.98   -11.57        28.50    21.99   -11.57     0.014
   -7.76     0.65    28.51        -7.76     0.65    28.51     0.000
   10.23    20.81    56.23        10.23    20.72    56.23     0.093
    2.67    13.29    -5.38         2.65    13.31    -5.41     0.041
    6.01    21.74    33.18         6.00    21.92    33.21     0.180
   -4.16    -4.58    36.12        -4.28    -4.69    36.12     0.163
   26.67    -3.03    20.26        26.63    -3.00    20.23     0.054
  -23.22   -14.47    -6.07       -23.22   -14.47    -6.06     0.009
  -11.16   -24.93   -12.56       -11.18   -24.88   -12.59     0.058
   17.42     6.42   -24.26        17.51     6.47   -24.18     0.133
  -20.73     9.85   -36.66       -20.74     9.71   -36.55     0.178
   -6.76     7.85    46.66        -6.80     7.85    46.66     0.041
   33.40    -5.71     2.48        33.51    -5.85     2.48     0.176
    0.14     4.48   -22.04         0.13     4.46   -22.03     0.017
   36.16     4.14    10.80        36.20     4.14    10.84     0.058
   22.17     4.31    50.73        22.21     4.30    50.74     0.043
  -21.34   -27.31   -40.96       -21.34   -27.35   -40.99     0.049
  -30.58   -30.41   -27.17       -30.66   -30.55   -27.18     0.162
   16.97    25.08   -18.42        16.93    25.14   -18.42     0.066
   -3.52   -20.59   -36.23        -3.39   -20.69   -36.31     0.178
   21.02    18.76    32.94        21.05    18.77    32.95     0.031
  -25.11    11.02   -21.59       -25.18    11.20   -21.58     0.194
  -26.35     1.22   -44.86       -26.35     1.23   -44.87     0.011
   24.69    24.24    -7.44        24.70    24.26    -7.44     0.016
  -31.22   -23.78   -11.37       -31.23   -23.79   -11.36     0.015
  -32.05   -29.79   -27.38       -32.03   -29.75   -27.38     0.038
   -4.60   -16.47   -40.74        -4.60   -16.47   -40.73     0.004
  -17.41   -32.51   -26.93       -17.43   -32.40   -26.94     0.109
  -11.90   -20.78    -9.55       -11.91   -20.82    -9.49     0.076
  -28.02   -20.23    -7.18       -28.02   -20.23    -7.18     0.002
   17.33    -1.09   -22.49        17.34    -1.09   -22.47     0.023
  -17.61    -8.08   -48.31       -17.60    -8.06   -48.40     0.090
   19.59    14.29    59.63        19.54    14.25    59.62     0.062
   30.43    -8.70    -6.85        30.48    -8.75    -6.86     0.073
   20.42    -2.19    41.58        20.49    -2.27    41.59     0.105
   28.64    -1.26   -27.79        28.70    -1.33   -27.86     0.115
   25.11    -5.62    13.48        25.17    -5.80    13.51     0.186
   11.73    21.75    42.44        11.72    21.78    42.44     0.036
   16.09     1.97   -21.67        16.07     1.97   -21.71     0.042
  -22.46   -28.25   -13.16       -22.46   -28.27   -13.15     0.025
  -31.92   -29.79   -27.20       -31.94   -29.83   -27.20     0.049
   35.66     0.40   -19.48        35.54     0.39   -19.44     0.128
  -29.93   -30.21   -21.04       -29.94   -30.26   -21.04     0.045
  -42.02   -13.79   -18.12       -41.99   -13.79   -18.13     0.031
   -8.71    -0.36    23.58        -8.70    -0.36    23.58     0.009
   14.85    11.80   -17.75        14.90    11.81   -17.74     0.044
   -7.24    23.29    33.73        -7.24    23.31    33.74     0.023
  -34.22   -24.71   -15.37       -34.24   -24.73   -15.36     0.029
  -26.23     9.30   -18.06       -26.26     9.39   -18.01     0.114
  -24.54     5.06   -42.13       -24.53     5.02   -42.09     0.057
    2.13    -7.70    28.59         2.13    -7.76    28.60     0.055
   -7.69    25.16    25.65        -7.69    25.08    25.65     0.074
   31.73    -7.87    -2.38        31.72    -7.86    -2.38     0.014
   -0.78    19.70    42.34        -0.81    19.78    42.36     0.092
   -0.87   -10.24   -34.60        -0.99   -10.26   -34.57     0.127
   14.50    19.40    57.19        14.53    19.45    57.19     0.063
   35.16     4.42    12.06        35.13     4.42    12.03     0.040
  -26.48     9.01   -35.90       -26.46     8.96   -35.87     0.063
   -2.19    -2.15    63.43        -2.19    -2.15    63.43     0.009
   15.01    -5.07    51.71        15.01    -5.08    51.71     0.012
   25.39     5.01    34.19        25.33     5.02    34.17     0.065
   -5.22    -2.26    57.28        -5.07    -2.15    57.28     0.186
    8.85    20.66    57.23         8.86    20.62    57.23     0.038
   23.22    -4.26    23.18        23.20    -4.22    23.17     0.045
  -42.94    -7.34   -19.50       -42.95    -7.34   -19.50     0.008
   24.53     6.29    38.28        24.52     6.29    38.28     0.009
   18.90    -8.62     9.23        18.92    -8.69     9.25     0.071
  -35.29     3.63   -15.77       -35.28     3.62   -15.80     0.031
  -13.83    12.01    20.56       -13.89    11.97    20.52     0.082
  -22.45    -3.50   -47.45       -22.47    -3.49   -47.34     0.105
    7.07    13.78    -8.90         7.09    13.76    -8.86     0.049
   -5.40     0.94   -32.24        -5.40     0.94   -32.24     0.010
    0.35     9.55   -12.33         0.36     9.48   -12.31     0.066
   -8.72    -3.07    20.29        -8.84    -3.12    20.32     0.131
   -9.03   -27.87   -34.34        -9.07   -27.81   -34.30     0.087
   -8.91     7.62    -9.36        -8.91     7.63    -9.36     0.008
   10.51    21.50    36.75        10.47    21.73    36.77     0.235
   26.43    -5.17    14.71        26.43    -5.16    14.71     0.011
   17.97   -15.27   -15.78        17.93   -15.40   -15.88     0.160
   -6.09    23.81    32.56        -6.07    23.87    32.59     0.065
   10.65    23.08    27.62        10.65    23.06    27.61     0.016
   16.40     9.70   -23.09        16.40     9.70   -23.09     0.007
   22.42   -12.98   -20.25        22.48   -13.11   -20.33     0.167
   15.43     2.32   -21.37        15.41     2.32   -21.44     0.072
  -12.96    18.53    34.89       -12.99    18.54    34.92     0.040
  -39.81     0.52   -32.72       -39.79     0.50   -32.71     0.026
   20.87   -16.05    -6.10        20.87   -16.05    -6.10     0.009
   25.50    -5.15    15.74        25.53    -5.22    15.76     0.083
   13.22    -5.97    55.83        13.19    -5.91    55.82     0.069
   26.02     7.21   -30.25        26.02     7.20   -30.26     0.009
   12.05   -16.28    -2.44        12.08   -16.18    -2.47     0.106
  -27.24   -18.02    -7.13       -27.23   -18.03    -7.19     0.056
   -6.57     0.05    36.74        -6.49     0.07    36.73     0.083
   38.44     6.85     7.60        38.43     6.84     7.60     0.004
   -7.11   -20.45   -10.15        -7.11   -20.45   -10.14     0.002
  -11.51     8.84    15.03       -11.45     8.85    15.04     0.065
   14.67    19.43   -30.75        14.68    19.40   -30.72     0.038
  -33.38    -5.78    -9.25       -33.37    -5.80    -9.29     0.047
   30.87    -8.61    -5.81        30.89    -8.63    -5.82     0.034
   -7.28    19.23    13.70        -7.21    19.16    13.82     0.164
   -4.19    18.86    11.82        -4.21    18.88    11.80     0.030
  -39.30     2.14   -21.64       -39.28     2.12   -21.64     0.028
   -6.79     3.39    36.39        -6.91     3.37    36.40     0.122
   -4.89   -15.74    -4.14        -4.88   -15.75    -4.14     0.012
   32.14     3.08   -25.66        32.09     3.08   -25.63     0.054
   12.16    22.41    31.16        12.15    22.49    31.16     0.085
  -37.46   -20.27   -38.33       -37.41   -20.24   -38.30     0.075
  -42.99    -3.84   -28.98       -43.09    -3.82   -29.02     0.109
    8.49    25.73     8.31         8.51    25.68     8.30     0.049
   38.01    -0.97   -11.65        37.96    -0.94   -11.64     0.055
   -2.71    -7.86   -39.32        -2.72    -7.87   -39.31     0.006
  -31.45   -30.05   -24.73       -31.45   -30.05   -24.73     0.002
  -19.95   -10.44    -3.33       -19.93   -10.43    -3.38     0.054
   19.25    22.52    19.69        19.29    22.63    19.72     0.121
   -6.60    10.50    44.02        -6.79    10.52    44.05     0.193
   -6.57     2.38   -36.23        -6.51     2.44   -36.26     0.096
  -30.27     6.19   -38.19       -30.29     6.23   -38.20     0.046
   -5.90    11.25    52.38        -5.81    11.21    52.38     0.095
   38.11     2.39     8.70        38.07     2.39     8.67     0.043
   -9.78   -25.87   -38.39        -9.76   -25.89   -38.41     0.031
   13.63    20.27    57.55        13.56    20.19    57.53     0.106
  -10.95     2.91    17.99       -10.92     2.92    17.98     0.033
  -25.33   -12.31   -48.32       -25.35   -12.32   -48.45     0.131
    1.31    21.83    34.66         1.31    21.79    34.65     0.044
   21.56    23.02    15.03        21.55    22.99    15.02     0.038
  -24.71    -1.36   -10.10       -24.71    -1.36   -10.10     0.001
  -39.99   -22.05   -27.79       -40.04   -22.09   -27.80     0.066
   31.76     0.40    15.69        31.73     0.41    15.66     0.042
   12.20    -6.32    44.81        12.19    -6.29    44.81     0.037
   -6.85     4.71    55.66        -6.95     4.69    55.65     0.092
   26.34    11.29    27.06        26.42    11.32    27.08     0.079
   36.00     5.30   -18.59        35.97     5.31   -18.58     0.033
   18.44     4.04   -23.96        18.46     4.04   -23.95     0.020
  -39.81   -16.49   -15.21       -39.89   -16.52   -15.15     0.108
   14.57     8.74   -17.44        14.63     8.73   -17.40     0.069
   -6.78     3.22    57.19        -6.81     3.22    57.19     0.029
   -3.45   -16.85   -39.43        -3.46   -16.84   -39.42     0.017
   25.43     3.54   -29.78        25.42     3.55   -29.72     0.063
   -5.81    -0.58    49.45        -5.75    -0.56    49.45     0.070
   -7.32   -20.64   -41.42        -7.27   -20.68   -41.47     0.083
   11.88    18.06   -27.77        11.90    18.07   -27.77     0.023
   -6.57    19.07    39.95        -6.56    19.06    39.93     0.032
   -9.73    14.12    37.77        -9.66    14.14    37.72     0.096
  -18.06   -27.79   -40.33       -18.05   -27.83   -40.37     0.049
  -15.96   -28.62   -14.81       -16.01   -28.48   -14.90     0.167
   27.53     1.56    24.52        27.56     1.55    24.53     0.029
    7.39    21.17    38.55         7.38    21.23    38.55     0.058
   11.47    19.50   -22.75        11.45    19.51   -22.75     0.020
   -5.98     0.02    48.39        -5.97     0.03    48.39     0.004
    6.93    21.59    -3.13         6.89    21.62    -3.15     0.058
   11.96    17.77    62.93        11.96    17.77    62.94     0.002
   -6.12    10.09    53.27        -6.18    10.11    53.27     0.058
   23.49    -7.62     9.08        23.47    -7.54     9.06     0.086
    8.40    20.63    53.95         8.39    20.66    53.95     0.033
   12.55   -10.92     8.35        12.54   -10.87     8.33     0.052
   -4.14    13.59     5.05        -4.01    13.49     5.11     0.179
  -34.89     3.44   -15.15       -34.84     3.34   -15.24     0.151
   13.39    25.77    -6.96        13.38    25.81    -6.98     0.042
   38.51     0.04    -0.51        38.43     0.09    -0.51     0.090
   38.07     4.40   -12.83        38.05     4.40   -12.81     0.033
    4.98   -10.95   -23.79         5.03   -10.96   -23.83     0.061
   36.36    13.47    -5.33        36.38    13.49    -5.33     0.023
   18.18    -1.17    61.39        18.18    -1.17    61.38     0.011
  -12.87    15.79    17.21       -12.85    15.80    17.24     0.038
  -39.36     2.05   -21.98       -39.41     2.09   -21.96     0.069
  -30.74   -30.65   -27.54       -30.67   -30.53   -27.54     0.137
   21.55    12.70    49.61        21.60    12.72    49.62     0.058
    2.52    22.88    30.73         2.50    22.66    30.68     0.229
   -9.01    -1.04   -42.54        -9.00    -1.04   -42.56     0.019
  -24.15   -32.72   -25.85       -24.15   -32.71   -25.85     0.004
    6.28    15.27    63.10         6.28    15.26    63.16     0.054
  -29.20   -17.11   -46.73       -29.20   -17.13   -46.77     0.050
   27.75    -5.97    12.54        27.72    -5.88    12.49     0.103
   -1.52    -7.35   -31.59        -1.52    -7.34   -31.60     0.006
   -2.93    14.39     4.58        -2.91    14.36     4.59     0.034
   19.05    16.91    50.27        18.94    16.81    50.26     0.152
    2.34    17.26     1.31         2.34    17.26     1.31     0.007
   -9.39    11.53    36.39        -9.34    11.56    36.37     0.058
   -8.64     7.48    31.85        -8.57     7.51    31.84     0.081
  -12.25   -28.89   -35.99       -12.27   -28.85   -35.97     0.056
   -1.16   -16.58   -36.07        -1.24   -16.55   -36.02     0.106
   32.43    -5.73     8.65        32.41    -5.70     8.64     0.031
   38.27     4.22   -12.45        38.29     4.22   -12.46     0.026
  -21.76   -22.83   -45.28       -21.77   -22.84   -45.30     0.020
   -7.62    12.89    41.01        -7.65    12.89    41.02     0.026
  -35.79    -4.23   -11.11       -35.80    -4.23   -11.10     0.017
    7.99     1.44   -20.40         8.00     1.46   -20.43     0.037
   17.54    16.59    59.97        17.61    16.66    59.98     0.102
  -15.69    13.88    21.22       -15.71    13.87    21.21     0.029
  -13.04     7.07   -13.48       -13.08     7.17   -13.46     0.115
  -34.71     2.28   -39.25       -34.64     2.19   -39.19     0.124
   -8.49    20.78    15.96        -8.49    20.77    15.97     0.009
  -30.34     6.88   -37.09       -30.34     6.86   -37.08     0.013
   11.60    19.10   -14.99        11.60    19.10   -14.99     0.007
   25.69     8.77    31.73        25.77     8.78    31.75     0.083
  -26.48   -29.13   -37.61       -26.48   -29.12   -37.61     0.010
