400 PA5-F-Debug-Output.txt 6
 -106.9089   15.9821  -60.4086 -142.5319  -72.4719  -50.4862
   27.16    -2.21   -27.54        27.16    -2.20   -27.53     0.011
   18.37     1.34    40.32        18.29     1.38    40.31     0.086
  -27.99   -35.02   -21.67       -28.01   -35.08   -21.65     0.070
  -38.29   -12.84   -44.25       -38.39   -12.84   -44.29     0.107
   -3.12   -12.09   -34.76        -3.03   -12.07   -34.77     0.089
   12.54    28.71    21.65        12.54    28.73    21.65     0.022
  -24.79    -8.55    -4.34       -24.77    -8.56    -4.40     0.069
   14.11   -17.35    -3.01        14.05   -17.27    -3.11     0.140
   16.68    -9.46     8.78        16.74    -9.54     8.82     0.105
    3.15   -11.49    17.64         3.13   -11.53    17.65     0.050
  -41.23   -20.58   -33.06       -41.20   -20.57   -33.05     0.035
   19.71    16.92    37.51        19.76    16.93    37.53     0.047
    9.55    22.80    36.65         9.62    22.90    36.73     0.144
  -28.98     0.43    -9.57       -28.98     0.46    -9.54     0.045
   13.79    -3.88    55.13        13.85    -3.92    55.13     0.073
   -0.01   -10.03    15.94        -0.02   -10.04    15.94     0.013
    2.91    27.72    28.65         2.82    27.58    28.65     0.167
   28.84    -6.15   -24.58        28.84    -6.15   -24.58     0.000
   -9.49    21.28    39.31        -9.47    21.30    39.29     0.035
   18.50     1.12    36.01        18.59     1.07    36.02     0.105
   36.74     3.21   -11.24        36.71     3.21   -11.24     0.032
   26.65   -13.06    -5.04        26.65   -13.06    -5.05     0.009
   20.88    16.31    33.79        20.99    16.31    33.82     0.106
    6.06     1.49   -20.33         6.08     1.50   -20.36     0.037
  -19.27   -14.65   -52.23       -19.26   -14.67   -52.29     0.065
  -32.94   -16.42    -5.49       -32.93   -16.41    -5.51     0.029
   -6.73     7.92    13.16        -6.73     7.92    13.16     0.006
  -27.67   -32.99   -15.54       -27.61   -32.92   -15.57     0.094
  -32.03     8.66   -35.73       -32.00     8.55   -35.70     0.124
  -35.30   -18.19   -45.66       -35.26   -18.18   -45.64     0.047
    8.06   -18.80    -3.38         8.03   -18.90    -3.38     0.106
  -30.86   -25.79    -7.87       -30.88   -25.81    -7.84     0.040
   11.94    -7.43    27.62        11.88    -7.28    27.60     0.167
    7.38     1.21    58.35         7.36     1.21    58.32     0.027
    8.80   -18.85    -4.04         8.77   -19.01    -4.06     0.170
   32.93     0.27   -21.24        32.90     0.28   -21.23     0.036
    5.09    12.08    57.96         5.09    12.08    57.95     0.008
  -31.65   -28.55   -11.54       -31.65   -28.56   -11.54     0.005
    0.74    -9.73   -26.16         0.70    -9.73   -26.13     0.052
   -5.59    24.93    17.01        -5.61    24.97    16.98     0.049
    0.82   -12.29    10.72         0.81   -12.38    10.75     0.091
   34.11    14.31   -11.32        34.17    14.33   -11.30     0.065
  -16.21   -25.15    -6.38       -16.21   -25.15    -6.39     0.017
    4.14   -16.17     0.53         4.12   -16.21     0.56     0.047
   -4.04   -23.37    -7.14        -4.03   -23.37    -7.15     0.017
   21.86    22.66    23.35        21.85    22.66    23.34     0.012
    9.13    -8.24    32.79         9.02    -8.05    32.76     0.222
   -4.86   -12.51     4.35        -4.85   -12.49     4.34     0.025
    8.59   -18.09     1.57         8.56   -18.13     1.60     0.057
   31.38    -0.67     8.12        31.39    -0.68     8.13     0.014
   15.79    -7.03    16.03        15.82    -7.10    16.04     0.072
   26.86    18.44    17.38        26.66    18.29    17.26     0.280
   12.11    29.57     5.19        12.18    29.49     5.18     0.103
    1.39   -11.65    13.40         1.34   -11.75    13.41     0.116
  -25.05     5.84   -44.29       -25.06     5.90   -44.37     0.101
  -41.79   -19.23   -15.70       -41.80   -19.24   -15.69     0.009
   19.34    15.13    39.98        19.33    15.13    39.98     0.016
   16.85   -18.42    -9.70        16.85   -18.43    -9.70     0.009
   25.76    24.50     8.95        25.78    24.51     8.95     0.023
  -13.21   -24.42   -46.80       -13.22   -24.44   -46.84     0.052
  -22.57   -17.85    -4.50       -22.57   -17.86    -4.48     0.020
   -4.10     4.81    45.39        -4.04     4.81    45.41     0.062
  -16.48   -20.74    -5.21       -16.45   -20.76    -5.16     0.061
   14.96    15.66    55.15        14.84    15.57    55.11     0.150
  -15.93     1.56    -1.03       -15.73     1.47    -1.13     0.239
    5.43   -19.43    -5.22         5.40   -19.36    -5.24     0.073
   14.94    30.79     2.47        14.95    30.77     2.47     0.021
    1.12   -10.12    50.41         1.15   -10.04    50.41     0.088
   16.29   -17.72   -11.20        16.29   -17.76   -11.22     0.037
  -25.04   -31.19   -39.60       -25.03   -31.12   -39.57     0.081
    5.27    17.83    52.72         5.30    17.70    52.69     0.134
  -15.13    13.38   -38.05       -15.13    13.42   -38.07     0.039
   16.91    25.38    28.25        16.90    25.48    28.33     0.132
  -29.87     1.72   -10.93       -29.85     1.66   -10.98     0.082
  -29.96   -13.57    -4.31       -29.97   -13.57    -4.35     0.036
   -8.54   -21.12   -43.75        -8.54   -21.12   -43.75     0.009
  -16.42   -34.90   -23.60       -16.41   -34.95   -23.60     0.048
  -17.77    -2.19    -1.45       -17.79    -2.18    -1.43     0.028
   12.99   -17.79   -10.29        12.99   -17.84   -10.32     0.059
    5.98    -9.51    49.78         5.98    -9.53    49.77     0.023
  -15.19   -22.45    -6.53       -15.22   -22.43    -6.58     0.062
   -7.19    -6.40    11.48        -7.18    -6.40    11.48     0.006
   21.71     4.99    28.38        21.62     5.03    28.36     0.100
   -4.46     4.39    50.98        -4.69     4.44    50.98     0.234
    6.96    21.35    45.52         6.90    21.18    45.44     0.193
   -7.27     5.66    12.93        -7.19     5.64    12.93     0.083
   14.93     4.26   -23.78        14.87     4.30   -23.86     0.112
   25.86    13.23    21.14        26.06    13.15    21.27     0.251
   23.28    20.08    23.09        23.30    20.08    23.09     0.019
   -7.16    -4.54    13.60        -7.17    -4.55    13.60     0.014
   -6.05   -24.23    -7.64        -6.08   -24.23    -7.56     0.086
  -23.93   -18.31   -50.85       -23.92   -18.29   -50.80     0.061
   14.84   -11.83     5.90        14.87   -11.89     5.92     0.064
   -1.48    -6.89    34.43        -1.29    -6.80    34.45     0.218
   18.85    10.61    46.32        18.87    10.62    46.32     0.026
    4.78    22.03     8.33         4.72    22.08     8.27     0.088
    5.87   -11.23    19.32         5.88   -11.28    19.33     0.045
   25.07   -14.38   -14.16        25.11   -14.39   -14.18     0.041
    2.85    -9.85    22.76         2.85    -9.91    22.76     0.055
  -43.99    -6.40   -15.28       -43.92    -6.40   -15.30     0.076
  -33.27   -20.83   -45.51       -33.25   -20.81   -45.50     0.031
   -6.92    10.88   -15.48        -6.92    10.78   -15.48     0.092
   33.94    10.55   -22.87        33.88    10.55   -22.85     0.070
  -13.80   -25.03   -46.54       -13.80   -25.04   -46.56     0.018
    1.02    28.64    18.76         0.97    28.50    18.77     0.149
   12.40    -6.45    40.61        12.41    -6.48    40.60     0.031
   22.99    17.92   -26.27        23.02    17.93   -26.32     0.061
   36.79     2.88    -8.47        36.75     2.88    -8.47     0.043
  -43.23    -4.35   -27.58       -43.20    -4.34   -27.58     0.028
   24.05     1.78    17.36        24.01     1.81    17.34     0.050
   -3.99     7.57    52.82        -4.09     7.60    52.82     0.106
  -29.22   -18.72   -49.42       -29.20   -18.71   -49.39     0.037
  -38.32    -3.51   -41.74       -38.28    -3.52   -41.73     0.035
  -15.19   -34.25   -19.83       -15.18   -34.27   -19.82     0.024
   -7.05    -2.58    16.21        -6.93    -2.54    16.17     0.130
  -16.07    16.41   -28.28       -16.08    16.26   -28.27     0.155
   -0.19    -7.90    34.70        -0.21    -7.94    34.69     0.045
  -33.98     1.67   -11.59       -33.98     1.64   -11.62     0.047
  -11.94   -22.81    -7.86       -11.94   -22.80    -7.86     0.008
   18.71    12.33   -29.12        18.71    12.35   -29.09     0.029
   16.95    18.73    45.72        16.95    18.73    45.72     0.000
   -4.00    10.65    37.20        -3.96    10.65    37.20     0.034
   14.58    12.23   -13.48        14.39    12.27   -13.49     0.197
  -40.36   -15.98   -10.04       -40.40   -15.99   -10.01     0.044
   33.12     5.95   -25.03        33.12     5.95   -25.03     0.001
   -1.60    -9.47    55.98        -1.37    -9.19    56.01     0.367
    1.96   -25.58   -16.12         1.94   -25.56   -16.13     0.031
   14.16    -2.05   -24.27        14.16    -2.05   -24.25     0.015
  -30.97   -34.53   -23.26       -30.92   -34.38   -23.29     0.160
  -12.84     2.05     2.25       -12.84     2.05     2.25     0.006
    3.68    -9.15    38.66         3.70    -8.99    38.65     0.161
  -41.26     1.36   -30.96       -41.20     1.32   -30.96     0.066
   -5.62    19.56    17.54        -5.54    19.58    17.59     0.099
   25.42    -8.67     1.50        25.44    -8.69     1.51     0.030
    2.18     0.24   -23.78         2.12     0.25   -23.71     0.098
    5.56    16.10     0.08         5.57    16.09     0.09     0.021
   17.43    12.46    50.31        17.52    12.51    50.33     0.109
   14.12     3.21   -23.64        14.11     3.21   -23.66     0.018
   15.92     2.09   -25.32        15.90     2.10   -25.35     0.029
    0.48    -8.82   -26.33         0.50    -8.82   -26.34     0.027
  -12.75   -28.55   -10.59       -12.72   -28.58   -10.57     0.049
  -29.42    12.44   -33.45       -29.46    12.50   -33.48     0.073
  -24.52    -7.53    -4.54       -24.53    -7.53    -4.49     0.050
  -33.51   -21.10    -7.25       -33.46   -21.06    -7.34     0.104
    8.35    24.31     4.11         8.38    24.30     4.12     0.032
  -26.82     8.40   -16.74       -26.82     8.44   -16.72     0.043
   -8.88   -32.64   -27.18        -8.99   -32.46   -27.16     0.208
   30.69    19.87    -7.10        30.70    19.88    -7.10     0.008
   35.87    10.77    -6.75        35.84    10.74    -6.75     0.041
   -6.11    23.66    17.48        -6.20    23.63    17.39     0.125
   35.28    -0.74    -0.54        35.25    -0.70    -0.55     0.051
    4.47   -20.13    -6.02         4.47   -20.13    -6.02     0.004
   24.84   -11.89    -2.33        24.84   -11.87    -2.34     0.019
   -2.81   -12.73   -34.13        -2.76   -12.72   -34.13     0.054
   -0.86    14.89    52.44        -0.90    14.96    52.47     0.086
   14.72    29.74   -12.54        14.69    29.81   -12.54     0.075
  -26.30     9.20   -40.46       -26.31     9.21   -40.47     0.011
    1.44    11.31   -10.73         1.43    11.38   -10.75     0.071
   -8.57   -27.37    -9.77        -8.57   -27.38    -9.76     0.016
   11.06    -7.20    45.85        11.09    -7.27    45.84     0.073
   36.75     3.10   -10.44        36.72     3.10   -10.44     0.026
  -12.73   -23.42   -47.70       -12.73   -23.46   -47.69     0.034
   23.92    27.27     0.86        23.96    27.34     0.86     0.078
    9.55    21.58     0.20         9.56    21.57     0.21     0.014
   12.82    -6.20    42.41        12.78    -6.16    42.40     0.058
   -1.84    -4.63    28.19        -1.82    -4.62    28.19     0.024
   34.12    -1.33     1.14        34.05    -1.27     1.13     0.098
  -16.14    -3.98   -51.95       -16.17    -4.02   -51.88     0.091
    0.25    -9.02    21.07         0.28    -8.97    21.06     0.061
    0.04    14.68     6.20         0.04    14.68     6.20     0.001
  -20.98     4.84   -45.77       -20.98     4.84   -45.76     0.006
   18.05    11.63    49.79        18.00    11.61    49.78     0.058
    8.15    26.02    29.22         8.14    26.00    29.22     0.015
    1.95    -2.56   -24.37         1.95    -2.56   -24.38     0.008
   29.30     0.29    10.10        29.32     0.28    10.13     0.028
  -29.69    12.55   -25.54       -29.66    12.48   -25.56     0.077
   -9.81   -32.69   -32.33        -9.84   -32.63   -32.33     0.061
    1.43    27.86    16.79         1.50    28.03    16.77     0.189
    8.57    24.72    32.47         8.55    24.77    32.49     0.059
   23.97    14.74    25.27        23.98    14.74    25.28     0.011
   10.21    -9.25    22.38        10.24    -9.27    22.39     0.030
  -20.41   -35.92   -31.88       -20.41   -36.08   -31.88     0.158
    3.85     6.34    58.86         3.88     6.37    58.80     0.074
  -37.14   -15.39   -44.95       -37.22   -15.44   -45.01     0.108
    9.43     3.48    57.70         9.43     3.48    57.71     0.008
    8.36    -3.33   -22.04         8.37    -3.33   -22.11     0.076
   -4.31    -0.95    44.96        -4.26    -0.95    44.97     0.048
   12.95    -9.13    14.59        13.03    -9.22    14.61     0.117
   10.68    21.18    46.93        10.64    21.28    46.94     0.104
    6.11    -9.04    35.45         6.11    -9.03    35.44     0.016
  -42.33   -12.11   -28.79       -42.33   -12.11   -28.79     0.006
   30.93    12.35   -26.05        30.91    12.33   -26.04     0.033
    7.70    11.43   -11.44         7.72    11.32   -11.39     0.126
   21.41    28.48   -19.37        21.35    28.42   -19.33     0.094
  -23.74   -33.54   -13.90       -23.76   -33.48   -13.94     0.074
  -43.95    -6.80   -21.26       -44.07    -6.80   -21.26     0.120
   -2.26    -4.01    32.73        -2.24    -4.00    32.74     0.020
    7.79    24.62     5.99         7.76    24.63     5.98     0.032
  -40.23    -0.25   -13.32       -40.30    -0.22   -13.28     0.091
   21.60    20.69    28.07        21.58    20.67    28.07     0.028
  -11.36   -25.30   -45.45       -11.36   -25.30   -45.45     0.007
   34.23    -0.39     2.74        34.32    -0.44     2.75     0.109
   25.30    17.72   -26.22        25.30    17.72   -26.21     0.003
   22.74    11.90   -28.74        22.74    11.90   -28.73     0.008
   26.27    25.68    -5.14        26.20    25.60    -5.14     0.110
  -43.89   -16.97   -21.63       -43.86   -16.96   -21.64     0.032
  -25.18   -28.71    -8.64       -25.22   -28.61    -8.72     0.138
   17.67    -0.10    36.91        17.73    -0.13    36.92     0.077
  -10.00    27.24    22.45        -9.90    27.13    22.50     0.157
   -9.76   -20.38    -7.78        -9.76   -20.37    -7.79     0.016
    1.98   -22.43   -31.44         1.98   -22.43   -31.44     0.009
   30.32    18.56   -21.32        30.35    18.64   -21.45     0.152
    3.62   -10.18    22.98         3.65   -10.14    22.96     0.051
   28.49     5.07   -28.75        28.45     5.08   -28.72     0.059
   18.93     5.98    54.32        18.77     5.97    54.31     0.163
  -18.20   -24.62    -6.25       -18.20   -24.61    -6.19     0.059
   23.37     6.67   -29.57        23.37     6.67   -29.55     0.018
   -5.02     1.28    51.35        -4.98     1.28    51.36     0.038
   -4.53   -17.25   -38.30        -4.52   -17.25   -38.30     0.008
    1.62    -8.47   -25.18         1.62    -8.47   -25.18     0.003
   -3.80    13.39    11.61        -3.78    13.37    11.62     0.025
   -0.79     9.22   -16.51        -0.80     9.19   -16.49     0.037
  -41.04     4.31   -22.92       -41.03     4.30   -22.92     0.007
   12.04    29.93    15.28        12.00    30.04    15.30     0.117
  -22.59   -10.85    -3.64       -22.61   -10.85    -3.59     0.060
  -35.24     4.60   -11.56       -35.24     4.60   -11.56     0.001
   -1.36    -7.41    20.97        -1.32    -7.38    20.97     0.048
   25.11   -11.96   -14.69        25.10   -11.95   -14.68     0.017
   24.50    22.23    16.83        24.45    22.19    16.81     0.062
   36.42     8.78   -12.41        36.55     8.73   -12.45     0.146
   16.34    16.23    50.27        16.27    16.23    50.24     0.074
   -5.63    -1.81   -34.39        -5.67    -1.83   -34.38     0.043
  -41.30   -11.69   -10.49       -41.41   -11.70   -10.45     0.112
   -3.42    10.56    50.13        -3.52    10.58    50.17     0.112
  -15.44   -26.47   -46.17       -15.44   -26.42   -46.04     0.134
   20.24    10.68    38.68        20.28    10.69    38.69     0.046
   37.03     8.82   -10.22        36.99     8.83   -10.21     0.044
   17.63    -6.32    15.32        17.66    -6.40    15.35     0.098
  -21.32   -12.61    -3.21       -21.32   -12.61    -3.19     0.017
    0.98    -9.11    22.16         0.82    -9.28    22.16     0.234
   -1.50    -9.13    15.62        -1.46    -8.96    15.62     0.175
   36.68     1.84    -5.73        36.58     1.86    -5.74     0.104
   12.33    -6.40    48.43        12.41    -6.45    48.43     0.096
    9.59   -12.63    10.92         9.51   -12.51    10.88     0.142
   10.95    -8.43    22.14        10.98    -8.46    22.15     0.049
  -31.09   -31.38   -15.86       -31.05   -31.28   -15.93     0.125
   15.85     3.76    56.86        15.85     3.76    56.84     0.027
  -12.33    20.72    27.65       -12.40    20.66    27.62     0.097
  -37.94   -26.75   -33.24       -37.94   -26.75   -33.24     0.003
    3.53    15.78     1.44         3.53    15.78     1.44     0.004
   17.53     2.90    56.39        17.53     2.90    56.40     0.004
   15.21    -3.61    41.23        15.20    -3.60    41.23     0.015
   15.01    23.22    31.49        15.06    23.38    31.56     0.182
   14.44     9.55   -17.25        14.33     9.60   -17.29     0.132
   -5.52     1.05   -31.90        -5.46     1.11   -31.95     0.099
  -31.32     6.50   -40.47       -31.34     6.54   -40.50     0.054
    2.71   -14.86     4.12         2.69   -15.02     4.16     0.161
   24.43    10.71    23.95        24.41    10.71    23.94     0.019
   31.32    -3.70   -12.56        31.38    -3.78   -12.56     0.104
   12.20     5.99   -19.06        12.21     5.97   -19.05     0.029
    3.53    19.36    50.78         3.50    19.40    50.84     0.075
   -1.62    29.75    22.00        -1.57    29.91    21.98     0.162
   13.44    29.92     1.68        13.45    29.89     1.68     0.041
    0.23    19.67    12.32         0.23    19.67    12.31     0.005
   31.66    -3.75   -15.22        31.66    -3.75   -15.22     0.000
   13.11    -7.42    21.54        13.10    -7.38    21.53     0.049
   35.09     3.93   -17.19        35.14     3.93   -17.21     0.053
   19.45    30.91   -15.85        19.45    30.88   -15.85     0.035
   30.52    20.95   -17.41        30.55    20.98   -17.41     0.046
   16.08    28.08    22.30        16.09    28.12    22.31     0.043
  -28.20   -16.40    -3.96       -28.19   -16.39    -4.01     0.052
    7.05    22.14    42.39         7.07    22.07    42.38     0.073
    3.71    19.97    50.53         3.76    19.81    50.48     0.174
  -18.40   -35.54   -24.57       -18.40   -35.53   -24.57     0.013
   18.97    25.43   -25.91        18.98    25.44   -25.92     0.009
   18.08    14.27    45.40        18.06    14.26    45.40     0.025
   31.95    -0.32     7.86        31.89    -0.29     7.81     0.081
   13.46    27.62   -27.72        13.47    27.67   -27.75     0.059
   -0.10    -8.42    46.65        -0.11    -8.43    46.65     0.022
  -41.42   -17.92   -13.75       -41.45   -17.94   -13.74     0.041
   12.64    -1.01   -23.78        12.63    -1.01   -23.82     0.044
   -0.92   -22.27   -34.22        -0.93   -22.25   -34.21     0.029
   18.62     9.08    51.66        18.59     9.07    51.66     0.024
   13.95    -4.39    50.54        13.89    -4.34    50.54     0.080
   22.50     8.04    27.90        22.57     8.03    27.93     0.075
   -3.83    13.02    44.41        -3.81    13.02    44.40     0.027
   -6.07   -26.47    -9.09        -6.07   -26.49    -9.07     0.029
   -7.29     5.39    12.45        -7.29     5.39    12.45     0.001
  -29.20   -27.27    -7.71       -29.21   -27.27    -7.69     0.018
  -16.74     8.53   -13.10       -16.71     8.46   -13.13     0.076
   20.90    29.71   -14.85        20.95    29.78   -14.85     0.084
    8.58    23.02     2.82         8.57    23.02     2.81     0.013
   13.68    13.36    -9.05        13.65    13.42    -9.07     0.068
   17.53     2.98    56.74        17.40     3.04    56.61     0.198
    6.50   -15.49   -17.65         6.49   -15.47   -17.63     0.029
  -16.92   -11.25    -2.68       -16.91   -11.27    -2.62     0.057
   30.76    -4.11     1.80        30.86    -4.25     1.82     0.181
  -22.95    -8.31    -4.03       -22.98    -8.30    -3.97     0.064
   35.41     0.95   -13.55        35.32     1.01   -13.53     0.116
   13.77    16.72    55.46        13.76    16.71    55.45     0.016
  -39.76   -25.85   -20.12       -39.78   -25.86   -20.12     0.024
  -21.70   -19.88    -4.84       -21.70   -19.88    -4.84     0.004
   17.01    24.01    29.73        17.00    23.99    29.70     0.037
   16.32     9.38   -22.85        16.15     9.40   -22.95     0.195
   -3.43     3.50    33.75        -3.45     3.50    33.75     0.019
   30.85     3.32    10.03        30.82     3.35     9.96     0.075
    0.59    29.03    27.99         0.59    29.01    27.99     0.014
    5.25   -14.38     8.68         5.25   -14.34     8.67     0.039
   25.58     5.49   -30.23        25.59     5.49   -30.28     0.050
   -8.99     1.49     9.60        -9.01     1.50     9.61     0.018
    4.96    18.66    50.68         4.97    18.63    50.66     0.029
   19.84     0.70    26.47        20.09     0.58    26.55     0.295
  -28.76   -25.73    -6.86       -28.75   -25.70    -6.89     0.036
  -23.44     0.40    -7.05       -23.48     0.45    -7.01     0.077
   11.64   -11.52    10.05        11.73   -11.66    10.10     0.174
   -7.13     5.85   -30.59        -7.09     5.87   -30.60     0.043
    4.60    23.20    10.12         4.56    23.25    10.09     0.075
   31.64     4.10     9.57        31.66     4.09     9.60     0.030
  -39.51   -12.99   -42.38       -39.47   -12.98   -42.36     0.051
   -4.23   -24.35    -7.14        -4.23   -24.35    -7.18     0.041
  -17.11    -0.38   -50.00       -17.11    -0.38   -50.01     0.009
    4.31    16.77     2.13         4.37    16.68     2.17     0.114
  -11.06    15.37   -29.00       -11.11    15.24   -28.98     0.141
  -14.62   -24.80    -6.80       -14.62   -24.80    -6.81     0.010
   17.38     8.86   -26.49        17.49     8.91   -26.40     0.144
  -24.99   -34.76   -17.18       -24.99   -34.71   -17.19     0.048
  -28.91   -35.33   -27.12       -28.92   -35.34   -27.12     0.007
   -6.80   -25.50    -7.86        -6.80   -25.48    -7.87     0.014
   -4.83    -0.54    50.11        -4.79    -0.53    50.12     0.043
   -3.01    13.81    10.25        -2.93    13.74    10.29     0.112
   -3.53     3.88    36.15        -3.53     3.88    36.15     0.001
   36.00    11.46   -11.11        35.94    11.43   -11.11     0.063
  -31.30   -34.51   -30.19       -31.25   -34.44   -30.17     0.085
    1.27    -8.39    33.94         1.23    -8.43    33.94     0.057
  -19.08   -13.55   -52.20       -19.07   -13.57   -52.13     0.073
   15.84    28.07    22.32        15.86    28.15    22.35     0.090
    9.65    25.67    31.03         9.64    25.67    31.03     0.003
   -7.55   -14.78   -41.40        -7.58   -14.79   -41.38     0.042
  -17.01    15.33   -34.58       -17.01    15.30   -34.56     0.037
    4.33    -8.27   -23.12         4.36    -8.28   -23.15     0.045
   29.65    22.51   -14.25        29.74    22.57   -14.25     0.118
   19.88    -5.80    13.27        19.88    -5.80    13.27     0.005
   18.19    -0.45   -26.93        18.20    -0.45   -26.90     0.026
    9.68    27.75    24.55         9.70    27.63    24.53     0.125
    7.35    -7.64    58.05         7.37    -7.65    58.11     0.062
   -3.18    -5.53    57.86        -3.23    -5.55    57.93     0.090
   14.14    17.22   -10.96        14.21    17.21   -10.95     0.078
   15.14    -3.15    45.29        15.06    -3.08    45.29     0.109
   26.83    -6.49   -24.75        26.84    -6.43   -24.71     0.071
  -17.80   -33.41   -36.65       -17.81   -33.37   -36.63     0.037
  -28.19    13.75   -31.79       -28.21    13.79   -31.79     0.042
  -22.30   -24.69    -6.19       -22.30   -24.70    -6.17     0.021
  -29.99    12.13   -34.16       -29.93    12.01   -34.12     0.137
  -36.45   -30.63   -29.80       -36.45   -30.63   -29.80     0.003
   19.12    18.91    38.54        19.12    18.91    38.54     0.001
   11.03    10.08    57.40        11.03    10.08    57.38     0.017
   24.44     7.24    22.02        24.46     7.24    22.03     0.020
  -10.90    23.23    37.77       -10.90    23.23    37.77     0.003
   -3.58     7.80    43.46        -3.63     7.80    43.45     0.045
   -7.95   -27.29   -37.16        -7.88   -27.33   -37.19     0.087
    8.48    19.10    52.16         8.39    19.23    52.22     0.169
   29.67     8.97    13.78        29.72     8.96    13.81     0.057
   13.62     0.52   -24.15        13.62     0.52   -24.13     0.022
   20.49    -5.47    13.26        20.44    -5.41    13.23     0.084
  -39.62   -17.38   -36.56       -39.58   -17.40   -36.55     0.044
    5.12    15.99    57.09         5.13    15.96    57.03     0.071
    1.41   -14.55   -23.97         1.34   -14.53   -23.93     0.074
   16.85    11.97    55.19        16.91    12.03    55.20     0.086
   12.40    26.16   -29.58        12.37    26.19   -29.60     0.038
  -26.68     2.50   -46.43       -26.68     2.50   -46.43     0.007
   10.17    22.36    38.31        10.20    22.26    38.31     0.104
  -44.09    -6.38   -17.10       -44.14    -6.38   -17.10     0.055
   35.94     7.29   -13.92        35.88     7.30   -13.91     0.071
   19.04    -0.55    29.53        18.96    -0.51    29.52     0.090
    7.25    21.89    42.80         7.27    21.99    42.84     0.105
    6.28   -10.13    56.02         6.31   -10.20    56.01     0.073
   11.73    22.57    40.90        11.78    22.35    40.86     0.230
  -28.46   -29.91   -40.58       -28.44   -29.86   -40.56     0.058
   12.08    21.07    -2.70        12.18    21.09    -2.66     0.098
   -1.36   -24.37   -32.83        -1.33   -24.41   -32.87     0.065
   36.40     1.83   -10.98        36.34     1.86   -10.97     0.073
   12.71    -6.55    29.54        12.76    -6.69    29.55     0.144
   16.08    10.93   -21.98        16.14    10.93   -21.96     0.063
   -8.58    23.04    40.16        -8.61    23.06    40.20     0.049
   16.30    -1.32    44.65        16.32    -1.33    44.65     0.032
    3.12   -23.84   -15.20         3.17   -23.86   -15.21     0.046
   33.19    14.67    -2.74        33.16    14.65    -2.75     0.030
  -32.76   -29.89   -15.17       -32.73   -29.84   -15.21     0.066
   27.70    21.92   -20.57        27.77    22.00   -20.63     0.120
    3.75   -14.89     4.70         3.78   -14.72     4.69     0.173
   -0.05   -12.92     8.35        -0.02   -12.86     8.33     0.068
    0.88    -9.25    20.75         0.81    -9.37    20.77     0.142
   15.55    14.67    53.60        15.44    14.65    53.58     0.114
   16.21   -14.60    -0.50        16.21   -14.59    -0.51     0.015
  -11.79    20.95    22.84       -11.79    20.94    22.84     0.010
  -23.77    11.77   -21.11       -23.75    11.81   -21.05     0.074
  -38.02   -17.59    -7.44       -38.02   -17.60    -7.40     0.032
   -8.86   -22.83    -8.22        -8.86   -22.83    -8.22     0.002
  -17.27   -34.64   -20.27       -17.26   -34.67   -20.26     0.032
   16.21    27.49    24.37        16.21    27.50    24.37     0.020
