150 PA5-B-Debug-Output.txt 6
   -6.7314  -71.1934    3.2419 -117.1604  -62.1629   52.9377
   -1.08     8.97   -20.31        -1.08     8.97   -20.31     0.002
   -6.11     9.49    25.12        -6.11     9.49    25.12     0.002
   18.85     3.67    56.78        18.85     3.66    56.78     0.004
   18.90    -7.07    13.40        18.91    -7.07    13.40     0.003
  -15.27    -8.37     2.68       -15.27    -8.37     2.68     0.001
  -15.28     6.30   -36.58       -15.28     6.29   -36.58     0.001
   34.85    -4.40    -5.05        34.85    -4.40    -5.05     0.003
   22.95    -1.78   -30.22        22.95    -1.78   -30.22     0.003
   17.81    10.25   -23.86        17.82    10.25   -23.86     0.000
  -18.02   -32.32   -34.49       -18.02   -32.32   -34.49     0.003
  -45.65   -11.80   -20.61       -45.65   -11.80   -20.61     0.002
   14.56    23.99   -30.20        14.56    23.99   -30.20     0.001
  -37.96   -26.60   -29.72       -37.96   -26.60   -29.72     0.003
   -5.92    -0.83    62.21        -5.92    -0.83    62.21     0.000
  -21.78   -11.06   -46.72       -21.78   -11.06   -46.72     0.002
   14.40    -7.16    19.27        14.40    -7.16    19.27     0.000
   -0.40    28.52    12.65        -0.40    28.52    12.65     0.000
    9.93    28.12     1.72         9.93    28.12     1.72     0.001
  -33.15   -11.77    -4.19       -33.15   -11.77    -4.19     0.001
  -39.94    -7.24    -9.00       -39.94    -7.24    -9.00     0.003
   -2.16   -26.04   -22.70        -2.16   -26.04   -22.70     0.001
   -9.27     6.16   -33.58        -9.27     6.16   -33.58     0.001
   10.43    -7.31    58.27        10.43    -7.30    58.27     0.001
  -12.56    10.24   -32.31       -12.56    10.24   -32.31     0.000
   15.33    -7.47    16.45        15.33    -7.48    16.45     0.005
   -7.15     4.80    24.97        -7.15     4.80    24.97     0.002
   19.55    -1.17    35.42        19.55    -1.17    35.42     0.002
  -11.09   -26.08   -39.74       -11.09   -26.08   -39.74     0.002
  -16.33    -5.95     2.19       -16.33    -5.95     2.19     0.001
  -20.03   -34.41   -18.04       -20.03   -34.41   -18.04     0.003
   21.18    24.72   -29.91        21.18    24.72   -29.91     0.000
   -9.27   -30.41   -32.57        -9.28   -30.40   -32.56     0.004
   19.19    29.28   -21.13        19.19    29.28   -21.13     0.001
   35.77    15.61     5.24        35.77    15.61     5.24     0.000
    7.85    -8.52    30.29         7.85    -8.52    30.29     0.000
   15.26    14.68   -16.57        15.26    14.68   -16.57     0.004
   -6.98   -20.73   -40.91        -6.99   -20.72   -40.90     0.004
   14.40    -6.33    29.95        14.40    -6.33    29.95     0.002
   -6.61    27.27    29.85        -6.61    27.27    29.85     0.001
   -6.28    17.19    36.15        -6.29    17.19    36.15     0.001
  -40.38     1.53   -21.45       -40.38     1.53   -21.45     0.007
    2.49    18.76    48.20         2.49    18.76    48.20     0.002
  -26.91   -34.79   -22.43       -26.91   -34.79   -22.43     0.004
   30.47     4.82    15.87        30.47     4.82    15.87     0.000
   36.55     1.11     9.40        36.55     1.11     9.40     0.001
   -9.90   -14.96     0.60        -9.90   -14.96     0.60     0.002
   -0.41    29.04    13.11        -0.41    29.04    13.11     0.003
  -13.24   -15.18   -45.76       -13.24   -15.18   -45.76     0.000
   -6.87     1.03    46.13        -6.87     1.03    46.13     0.003
   -5.42   -28.78   -19.98        -5.42   -28.78   -19.98     0.001
   -0.54   -12.37    11.97        -0.54   -12.37    11.97     0.002
   14.74     1.86    62.12        14.74     1.86    62.12     0.000
   13.62   -10.02     6.62        13.62   -10.02     6.62     0.001
   24.05    -8.66   -24.24        24.05    -8.65   -24.24     0.003
    0.45   -11.10   -24.58         0.45   -11.10   -24.58     0.000
    6.13    21.15    40.44         6.13    21.16    40.44     0.002
   40.49     3.16    -4.33        40.49     3.16    -4.33     0.004
    1.41   -11.22    19.58         1.41   -11.22    19.58     0.001
  -31.04   -30.71   -32.72       -31.04   -30.71   -32.72     0.004
  -35.61   -29.26   -17.78       -35.61   -29.26   -17.78     0.004
   27.53    -9.78     5.07        27.53    -9.78     5.07     0.002
    0.17    -1.21   -25.89         0.17    -1.21   -25.89     0.002
   29.67    -6.77   -25.58        29.67    -6.77   -25.58     0.001
    0.58   -12.92     9.20         0.58   -12.92     9.20     0.001
   -6.98     5.59   -28.95        -6.98     5.59   -28.95     0.002
  -41.05   -11.57   -36.40       -41.05   -11.57   -36.40     0.000
   22.34     1.57    30.74        22.35     1.57    30.74     0.001
   28.08    12.64    21.39        28.08    12.64    21.39     0.003
   -6.18    -5.55    32.74        -6.19    -5.56    32.74     0.003
   -0.90     0.78    62.51        -0.90     0.78    62.51     0.001
   -8.74   -23.45    -9.07        -8.74   -23.45    -9.07     0.001
   11.78    11.01    63.14        11.78    11.01    63.14     0.000
   -6.20     5.18    47.49        -6.20     5.18    47.49     0.000
    2.94    22.36     5.12         2.94    22.36     5.12     0.000
    5.08    13.02   -13.09         5.08    13.03   -13.09     0.003
   -2.75    17.18     8.20        -2.75    17.18     8.20     0.002
   25.27     4.57   -32.95        25.27     4.57   -32.95     0.002
    2.15    13.00    62.31         2.15    13.00    62.31     0.001
  -14.14   -32.30   -16.26       -14.14   -32.30   -16.26     0.002
  -29.30     5.48   -35.30       -29.29     5.47   -35.30     0.005
   -8.69   -17.76    -5.32        -8.69   -17.76    -5.32     0.002
  -20.08   -12.03    -1.66       -20.08   -12.03    -1.66     0.002
  -34.31     5.66   -28.31       -34.31     5.65   -28.31     0.004
   -7.47   -13.69     4.12        -7.47   -13.68     4.12     0.001
   22.07    -6.45    14.52        22.07    -6.44    14.52     0.005
   22.92    -8.09    10.80        22.92    -8.09    10.80     0.001
    5.45    27.54     7.98         5.45    27.54     7.98     0.000
  -18.70   -33.98   -14.45       -18.70   -33.98   -14.45     0.001
   -7.45    -4.78    61.86        -7.45    -4.78    61.86     0.000
   12.00    -6.99    40.33        12.00    -7.00    40.33     0.003
  -26.41     9.97   -29.23       -26.41     9.98   -29.23     0.001
   20.50   -10.86    -1.84        20.50   -10.86    -1.84     0.002
   11.28    20.66    41.93        11.28    20.67    41.93     0.005
  -31.72   -28.94   -11.66       -31.72   -28.94   -11.66     0.003
   -2.59   -10.99   -32.85        -2.59   -11.00   -32.85     0.001
   17.09    26.29    18.61        17.09    26.28    18.61     0.003
  -28.51     3.94   -37.96       -28.51     3.95   -37.96     0.002
  -36.83   -24.70   -11.10       -36.83   -24.70   -11.10     0.001
   -1.84   -10.53    45.80        -1.84   -10.54    45.80     0.004
   -8.77     5.04    11.98        -8.77     5.04    11.98     0.001
   21.93    -5.37    17.04        21.93    -5.38    17.04     0.002
   -6.63    -4.93    43.53        -6.63    -4.93    43.53     0.001
   -5.29     9.62    -2.11        -5.29     9.61    -2.11     0.003
   21.07     8.82    44.29        21.07     8.82    44.29     0.002
   35.47    -4.53   -11.27        35.47    -4.53   -11.27     0.003
   13.48    -9.75   -20.51        13.48    -9.76   -20.51     0.002
   -2.67   -13.66     4.74        -2.67   -13.66     4.74     0.001
   16.96    27.64   -15.85        16.96    27.65   -15.85     0.003
   22.47     5.03    34.82        22.47     5.03    34.82     0.001
   15.30    24.18   -15.05        15.30    24.18   -15.05     0.001
   23.51    11.78   -32.07        23.51    11.78   -32.07     0.000
    6.32   -10.99    13.90         6.32   -10.98    13.90     0.002
    0.29    11.72   -11.82         0.29    11.71   -11.82     0.001
   -8.22     0.79   -37.54        -8.22     0.78   -37.54     0.003
  -24.11   -34.59   -29.82       -24.11   -34.59   -29.82     0.003
   16.14    20.27   -18.79        16.13    20.27   -18.79     0.002
    7.46    -6.18   -22.73         7.46    -6.18   -22.73     0.001
   -7.20   -26.33   -35.98        -7.20   -26.33   -35.98     0.004
   26.91     0.15    18.03        26.91     0.15    18.03     0.001
   13.45    -6.39    38.14        13.45    -6.39    38.14     0.002
    2.90    27.01    10.08         2.90    27.01    10.08     0.001
    0.23    25.68     9.86         0.23    25.68     9.86     0.001
   14.03    30.31     2.08        14.03    30.32     2.08     0.005
   -8.04   -22.72    -9.10        -8.04   -22.72    -9.10     0.001
   -9.67    -6.96   -43.41        -9.67    -6.96   -43.41     0.000
    4.77    -8.58   -23.91         4.77    -8.58   -23.91     0.001
   17.73    28.12   -17.41        17.73    28.11   -17.41     0.004
  -13.11   -15.39    -1.88       -13.11   -15.39    -1.88     0.001
   -3.54    31.27    14.47        -3.54    31.27    14.47     0.001
   22.80    26.83     7.48        22.80    26.83     7.48     0.003
    4.97     5.65    62.61         4.97     5.65    62.61     0.001
    7.88   -15.43     1.82         7.88   -15.43     1.82     0.000
  -21.08   -33.12   -13.61       -21.08   -33.12   -13.61     0.002
   -8.61   -21.01    -8.51        -8.61   -21.01    -8.51     0.000
   -8.91     0.03    23.06        -8.91     0.03    23.06     0.004
   39.85     8.54    -2.81        39.85     8.54    -2.81     0.000
  -28.69   -33.25   -18.14       -28.69   -33.26   -18.14     0.004
   31.66    -9.84   -16.99        31.67    -9.84   -16.99     0.003
   29.35    -6.80   -25.68        29.35    -6.79   -25.68     0.001
  -38.18    -8.47   -39.64       -38.18    -8.47   -39.64     0.001
  -11.06    -2.39    13.95       -11.06    -2.39    13.95     0.001
  -15.11   -13.14    -0.42       -15.11   -13.14    -0.42     0.001
  -42.20   -19.84   -16.07       -42.20   -19.84   -16.07     0.002
  -43.76   -18.32   -20.19       -43.76   -18.32   -20.19     0.001
   14.81    12.02    62.38        14.81    12.02    62.38     0.002
  -23.46    11.63   -28.06       -23.46    11.62   -28.06     0.003
   -1.45   -12.79   -26.92        -1.45   -12.79   -26.92     0.001
    7.59    24.89    30.40         7.59    24.89    30.41     0.003
  -43.32   -19.15   -30.11       -43.32   -19.15   -30.11     0.001
    1.01   -10.64    47.77         1.01   -10.63    47.77     0.005
