150 PA5-G-Unknown-Output.txt 6
  -96.3809  160.1349  -81.8872  -78.8107  126.2328  141.5164
  -33.75     5.98   -33.55       -33.75     5.98   -33.55     0.003
   11.37    23.44    -5.54        11.37    23.43    -5.54     0.004
   13.40    -2.03    30.03        13.40    -2.03    30.03     0.000
  -32.80    -0.21   -44.80       -32.79    -0.22   -44.79     0.004
  -22.10     7.43   -37.19       -22.10     7.42   -37.19     0.005
    6.44    24.83    20.53         6.44    24.82    20.53     0.007
   18.57    24.88    55.52        18.56    24.87    55.52     0.014
   18.68    24.98    56.54        18.68    24.98    56.54     0.005
  -17.22     6.63   -38.77       -17.22     6.63   -38.78     0.003
   28.49    -5.36    16.75        28.50    -5.37    16.75     0.011
   15.46     6.70   -19.65        15.46     6.70   -19.65     0.005
   -5.56   -13.88   -38.14        -5.56   -13.87   -38.14     0.004
  -27.11   -14.11   -13.19       -27.11   -14.11   -13.19     0.000
   16.61   -15.27    -3.09        16.61   -15.27    -3.09     0.002
   35.68    -1.78     2.39        35.68    -1.77     2.39     0.004
    6.12    20.03     7.19         6.12    20.04     7.19     0.002
    1.27    17.74    17.37         1.26    17.74    17.37     0.004
    0.86    -8.19    34.84         0.86    -8.19    34.84     0.006
    1.76    21.40    46.81         1.76    21.40    46.81     0.004
  -11.86     4.65   -36.89       -11.86     4.65   -36.89     0.001
   34.81     2.08    -2.01        34.82     2.08    -2.01     0.001
   19.83    -6.63    -0.29        19.84    -6.62    -0.29     0.004
   17.34   -14.89    -4.80        17.34   -14.89    -4.80     0.001
  -18.54   -31.21   -37.78       -18.54   -31.21   -37.78     0.003
  -22.09   -14.78   -51.54       -22.09   -14.78   -51.54     0.000
   -3.87     1.96    25.20        -3.87     1.96    25.20     0.004
   -1.21    14.19    54.68        -1.21    14.19    54.68     0.001
    8.59     0.36    60.00         8.59     0.36    60.01     0.003
    2.17    12.38    60.85         2.17    12.38    60.85     0.000
  -31.88   -19.16   -13.97       -31.88   -19.16   -13.97     0.001
  -14.37    -1.42    -2.11       -14.37    -1.42    -2.11     0.001
  -40.14    -0.56   -25.79       -40.14    -0.56   -25.79     0.001
   20.79    -9.47    11.55        20.79    -9.48    11.55     0.006
   28.26    21.38    -2.49        28.26    21.37    -2.49     0.005
   31.46    16.24    -2.65        31.46    16.24    -2.65     0.001
   21.92    18.24   -25.50        21.92    18.24   -25.50     0.004
   18.11   -12.24    -4.27        18.11   -12.24    -4.27     0.003
   13.72    13.81   -11.12        13.72    13.81   -11.12     0.000
   28.26     7.17   -23.27        28.26     7.17   -23.27     0.000
  -40.27    -3.74   -34.68       -40.27    -3.74   -34.68     0.000
  -18.54   -21.78   -48.33       -18.54   -21.78   -48.33     0.005
    9.89    20.31    -3.67         9.90    20.31    -3.67     0.005
  -12.00   -19.72   -48.52       -12.00   -19.72   -48.53     0.002
  -24.07   -26.29   -15.05       -24.07   -26.30   -15.05     0.001
   -6.68    -8.28   -44.30        -6.68    -8.28   -44.30     0.000
   -6.76    -7.04   -43.64        -6.76    -7.04   -43.64     0.001
   24.34    12.96    26.54        24.34    12.96    26.54     0.001
   -0.02    -7.11    45.86        -0.02    -7.11    45.86     0.002
  -33.18   -28.94   -23.13       -33.18   -28.94   -23.13     0.002
    1.55   -10.87    15.91         1.55   -10.86    15.91     0.004
   17.99    14.78   -20.78        17.99    14.78   -20.78     0.005
   18.56    22.99    14.93        18.56    22.99    14.93     0.006
   -2.48   -10.88    13.97        -2.48   -10.88    13.97     0.002
  -19.09   -23.08   -47.61       -19.09   -23.08   -47.61     0.003
    7.01    -1.17    61.50         7.01    -1.17    61.50     0.006
  -26.99   -14.03   -13.15       -26.98   -14.03   -13.15     0.001
    8.08    26.42     4.12         8.08    26.42     4.12     0.003
  -21.84     1.91   -16.26       -21.85     1.91   -16.25     0.006
    6.88    -8.69    23.53         6.88    -8.69    23.53     0.002
  -12.86   -11.70    -3.22       -12.86   -11.70    -3.22     0.002
   -4.48   -18.67   -30.11        -4.48   -18.67   -30.11     0.002
   32.49     1.89    11.82        32.49     1.89    11.82     0.001
   10.86    21.73    45.99        10.86    21.74    45.99     0.004
    3.06   -14.43   -12.83         3.06   -14.42   -12.83     0.007
   14.47    -2.19    28.82        14.47    -2.20    28.82     0.004
   -7.22   -11.23     6.03        -7.22   -11.23     6.04     0.003
    1.66    21.56    35.68         1.67    21.56    35.68     0.001
   -1.93    12.26    39.53        -1.93    12.26    39.53     0.000
   11.01    -7.25    17.83        11.01    -7.25    17.83     0.003
  -40.57    -6.39   -14.67       -40.57    -6.39   -14.67     0.004
   22.32    -3.44   -14.51        22.32    -3.45   -14.51     0.003
    2.15    16.12    11.96         2.15    16.12    11.96     0.002
  -10.81     4.55   -30.89       -10.82     4.54   -30.89     0.008
   -3.79    -8.27   -33.98        -3.79    -8.27   -33.98     0.002
   16.55     2.56    42.65        16.56     2.55    42.65     0.003
   -5.83   -12.92     0.57        -5.83   -12.92     0.57     0.001
  -11.39     4.45   -36.63       -11.39     4.45   -36.63     0.003
   11.00    -2.21    37.67        11.00    -2.22    37.67     0.005
  -40.76    -3.73   -28.61       -40.76    -3.73   -28.61     0.001
  -37.02   -25.89   -24.19       -37.02   -25.89   -24.19     0.002
    3.32   -12.32     4.88         3.32   -12.31     4.88     0.004
   18.35    23.10   -13.09        18.36    23.10   -13.10     0.008
   21.66    -5.08    -4.25        21.66    -5.09    -4.26     0.005
   -5.47     6.96   -20.99        -5.47     6.96   -20.99     0.006
    1.75    -5.21    60.89         1.75    -5.21    60.89     0.003
    4.29    22.36    13.00         4.29    22.36    12.99     0.005
   13.22    23.04    -8.15        13.22    23.04    -8.14     0.005
  -11.78   -17.07   -14.11       -11.78   -17.07   -14.11     0.007
   15.03    24.62    60.20        15.03    24.62    60.20     0.004
   27.62    14.87    17.36        27.62    14.87    17.36     0.000
  -12.70   -23.29   -15.39       -12.71   -23.30   -15.39     0.006
   -0.29    11.40    52.99        -0.29    11.40    52.99     0.003
   32.59    10.65    -4.93        32.59    10.65    -4.93     0.004
   35.28    -2.01     3.05        35.28    -2.01     3.05     0.004
  -16.51     6.98   -37.66       -16.51     6.98   -37.66     0.007
   32.39    13.79     8.28        32.39    13.79     8.28     0.003
    9.05    22.85    32.69         9.05    22.85    32.69     0.002
   -1.05    -8.25    37.83        -1.05    -8.24    37.83     0.005
   -5.42   -13.84   -36.58        -5.43   -13.85   -36.58     0.005
    9.83    21.07    -3.45         9.83    21.07    -3.45     0.000
   24.70    17.60   -21.54        24.70    17.59   -21.54     0.002
   15.43    13.70   -10.90        15.43    13.70   -10.90     0.003
  -41.72   -16.31   -27.99       -41.71   -16.31   -27.99     0.008
  -32.40   -27.38   -41.07       -32.40   -27.38   -41.07     0.007
   24.18     8.65    24.88        24.18     8.65    24.89     0.003
  -36.37   -12.55   -45.94       -36.37   -12.55   -45.94     0.001
   -0.77    -8.25    38.92        -0.76    -8.24    38.92     0.010
   16.89    -2.97   -20.25        16.89    -2.97   -20.25     0.002
    0.17    -8.29    35.20         0.17    -8.29    35.20     0.006
  -18.92     5.74   -44.11       -18.92     5.74   -44.12     0.004
   23.58    14.26   -24.92        23.58    14.26   -24.92     0.000
  -26.73    -5.86   -50.59       -26.73    -5.86   -50.59     0.004
   18.30    25.72    -5.21        18.30    25.73    -5.21     0.006
   19.72    21.95    27.14        19.72    21.95    27.14     0.001
   21.21     8.41    34.87        21.22     8.41    34.87     0.002
   21.87    12.45   -28.15        21.87    12.45   -28.16     0.004
  -23.46     7.19   -24.14       -23.46     7.19   -24.14     0.006
   -0.43   -12.72     3.39        -0.43   -12.71     3.39     0.011
   -8.05    -2.32   -46.00        -8.06    -2.33   -46.00     0.005
   -5.61    -9.19   -37.31        -5.61    -9.19   -37.31     0.000
   -4.85     4.25    13.13        -4.84     4.25    13.13     0.002
    8.96    24.30    22.42         8.96    24.30    22.42     0.001
    4.94    14.17    63.47         4.95    14.17    63.47     0.006
  -30.24     7.36   -27.21       -30.24     7.36   -27.21     0.003
   22.64    -8.11     8.07        22.63    -8.11     8.07     0.003
   18.18    21.91    23.40        18.18    21.90    23.40     0.005
  -24.25   -31.15   -35.64       -24.25   -31.15   -35.64     0.003
  -13.34   -15.34   -51.40       -13.34   -15.34   -51.41     0.005
  -19.63   -26.67   -44.38       -19.63   -26.66   -44.37     0.004
    3.54    -8.86    26.69         3.54    -8.87    26.69     0.009
   33.64     7.36    10.70        33.64     7.36    10.70     0.003
   -0.24    17.49    36.36        -0.23    17.49    36.36     0.007
  -22.63   -31.69   -35.11       -22.62   -31.69   -35.11     0.007
  -11.57   -27.56   -39.88       -11.57   -27.56   -39.88     0.000
    6.48     8.45   -15.27         6.48     8.45   -15.27     0.000
   17.07    -3.77    21.14        17.06    -3.76    21.14     0.011
  -41.34   -17.54   -24.22       -41.34   -17.55   -24.22     0.002
   -1.55    14.13    30.55        -1.55    14.13    30.55     0.001
   17.71    -6.94    12.59        17.72    -6.95    12.59     0.008
   -5.66   -21.79   -27.40        -5.66   -21.79   -27.40     0.002
  -20.37     4.94   -44.83       -20.37     4.94   -44.83     0.003
   35.39     0.71    10.16        35.39     0.71    10.16     0.007
   13.88    21.26    41.49        13.89    21.26    41.49     0.006
  -36.36   -20.67   -15.66       -36.36   -20.67   -15.66     0.002
    8.36    -2.63    44.93         8.36    -2.62    44.93     0.006
   20.41    14.37    56.36        20.41    14.37    56.36     0.004
   -1.86    12.03    33.50        -1.86    12.03    33.50     0.002
   -6.92   -11.27   -46.41        -6.92   -11.27   -46.41     0.000
   27.35    22.00    -9.47        27.35    22.00    -9.47     0.000
    9.27    24.55    20.27         9.27    24.55    20.26     0.002
