150 PA5-C-Debug-Output.txt 6
  -31.3630  -21.8245  -21.4782  -38.2599  -92.8591   68.1906
   -2.33    -9.05    47.05        -2.33    -9.05    47.05     0.004
  -13.61    27.35    25.58       -13.60    27.35    25.58     0.002
  -11.13     1.38   -40.83       -11.13     1.38   -40.83     0.004
  -40.69   -17.88   -15.53       -40.69   -17.88   -15.53     0.000
   32.94    11.83    14.26        32.94    11.83    14.26     0.001
  -43.53    -8.84   -19.46       -43.53    -8.84   -19.45     0.002
  -36.23    -2.89   -37.30       -36.23    -2.89   -37.30     0.000
  -36.34   -18.62   -10.09       -36.33   -18.62   -10.09     0.000
   13.40   -16.13   -13.64        13.40   -16.13   -13.64     0.003
   36.87     5.27   -10.85        36.87     5.27   -10.85     0.002
   -8.33   -23.71   -11.73        -8.33   -23.71   -11.73     0.001
   -9.06    15.40    25.38        -9.06    15.40    25.38     0.001
    0.41    25.58    10.06         0.41    25.58    10.06     0.003
  -17.72     0.96   -44.28       -17.72     0.96   -44.28     0.003
   13.84    21.43    34.75        13.84    21.43    34.75     0.002
  -38.81    -0.64   -31.83       -38.81    -0.64   -31.83     0.001
  -10.52   -14.15     0.43       -10.52   -14.15     0.43     0.000
   -3.03    -4.10   -29.77        -3.03    -4.10   -29.77     0.001
   28.13    20.41    12.63        28.13    20.40    12.62     0.003
   38.66     3.45     9.34        38.66     3.45     9.34     0.001
  -30.86     6.21   -31.91       -30.86     6.21   -31.91     0.004
   19.85    18.62    38.76        19.86    18.62    38.76     0.003
  -37.01   -26.19   -21.49       -37.01   -26.19   -21.49     0.001
   -7.30    15.60    11.64        -7.30    15.60    11.64     0.004
   18.49    21.49    28.25        18.49    21.48    28.25     0.003
   36.14     0.94   -12.13        36.14     0.94   -12.13     0.000
   38.82    -0.58    -3.70        38.82    -0.58    -3.70     0.002
    3.71    23.78     2.65         3.71    23.78     2.65     0.000
    0.52    16.37    -2.00         0.51    16.37    -2.01     0.005
   -2.74    -6.51   -37.53        -2.74    -6.51   -37.53     0.000
    2.77   -10.11    52.09         2.77   -10.11    52.09     0.002
   -1.50     9.69   -16.85        -1.50     9.69   -16.85     0.000
    3.57    23.10    42.05         3.57    23.10    42.05     0.001
  -21.91   -12.63    -3.69       -21.91   -12.63    -3.69     0.001
    0.04     0.41   -23.79         0.04     0.41   -23.79     0.003
  -15.37   -30.17   -13.96       -15.37   -30.17   -13.96     0.001
   17.02     4.93   -27.62        17.02     4.93   -27.62     0.002
  -25.88   -23.13    -6.31       -25.88   -23.13    -6.31     0.003
  -26.03   -23.32    -6.39       -26.03   -23.32    -6.39     0.001
   -7.40    30.92    29.88        -7.40    30.92    29.88     0.001
  -22.42     4.93   -14.44       -22.42     4.93   -14.44     0.003
    4.70    20.71    49.01         4.70    20.70    49.01     0.002
    4.98    28.01    26.17         4.98    28.01    26.17     0.001
  -15.50     1.43   -43.02       -15.50     1.42   -43.02     0.003
   -5.54   -26.75   -16.60        -5.54   -26.75   -16.60     0.002
   32.67    -7.66    -1.31        32.67    -7.66    -1.31     0.001
   -2.97    -3.97   -29.43        -2.97    -3.97   -29.43     0.002
  -20.44    11.96   -26.42       -20.44    11.96   -26.42     0.001
    1.79    -9.95    45.28         1.79    -9.94    45.28     0.005
   31.96   -10.59   -13.14        31.97   -10.59   -13.14     0.002
   32.87    16.75   -12.78        32.87    16.75   -12.78     0.001
    6.24    23.03    -3.03         6.24    23.03    -3.03     0.002
  -29.46     5.34   -17.98       -29.46     5.34   -17.98     0.003
   19.24    -3.88    42.40        19.24    -3.88    42.40     0.001
   13.00    -2.08   -24.00        13.00    -2.08   -24.00     0.001
   28.85    21.42   -19.03        28.85    21.42   -19.03     0.003
   19.12    21.51    27.17        19.12    21.51    27.17     0.001
   -0.79   -13.63     8.08        -0.79   -13.63     8.08     0.003
   35.76    -3.81     2.31        35.76    -3.82     2.31     0.005
   18.43    -9.73     4.07        18.43    -9.73     4.07     0.001
  -29.20     0.11   -40.84       -29.20     0.11   -40.84     0.001
    2.00   -10.09    49.39         2.00   -10.10    49.39     0.002
    4.45    -9.82    49.33         4.45    -9.82    49.33     0.003
   -3.56    -4.06   -34.23        -3.56    -4.06   -34.23     0.000
  -14.55   -24.98    -8.34       -14.55   -24.98    -8.34     0.001
   15.98   -14.01    -4.92        15.98   -14.01    -4.92     0.002
   38.06     4.90    -8.31        38.07     4.90    -8.31     0.003
   -9.90    -5.20   -44.54        -9.90    -5.20   -44.54     0.002
    4.75    22.53    43.12         4.75    22.53    43.12     0.000
   -4.65    -6.97    37.05        -4.65    -6.97    37.05     0.002
   11.69     3.89    60.68        11.69     3.89    60.68     0.000
  -21.83   -10.95   -47.41       -21.83   -10.95   -47.41     0.001
   20.62    26.87    -9.30        20.62    26.87    -9.30     0.002
  -11.26   -21.34    -9.31       -11.26   -21.34    -9.31     0.002
   22.05     7.65    56.26        22.05     7.65    56.26     0.001
   -6.63   -23.99   -39.15        -6.63   -24.00   -39.15     0.004
   -5.92    19.53    11.16        -5.92    19.53    11.16     0.001
   17.51    18.69   -30.60        17.51    18.69   -30.60     0.000
   13.87    29.08    -1.19        13.87    29.08    -1.19     0.000
   -4.42    -3.92    60.87        -4.42    -3.92    60.87     0.002
   29.08    20.72   -20.44        29.08    20.72   -20.44     0.002
   -4.25    -2.87   -40.18        -4.25    -2.87   -40.18     0.001
   10.57    23.24   -18.82        10.57    23.24   -18.82     0.003
   34.33    12.54   -17.73        34.33    12.54   -17.73     0.005
   -4.75     5.73   -24.24        -4.75     5.73   -24.24     0.002
   -4.51   -18.35   -40.77        -4.50   -18.35   -40.77     0.002
    2.92    22.51    44.03         2.92    22.51    44.03     0.002
  -26.95   -23.11    -6.53       -26.95   -23.11    -6.54     0.003
   -9.51    17.24    28.66        -9.51    17.24    28.66     0.001
  -36.98    -9.52   -39.43       -36.98    -9.52   -39.44     0.002
   36.92    -3.53    -2.76        36.93    -3.53    -2.76     0.001
   18.14    27.39     9.51        18.14    27.39     9.51     0.004
   -6.32     0.66    41.74        -6.32     0.66    41.74     0.002
  -27.08    -8.74    -6.43       -27.08    -8.74    -6.43     0.001
  -42.51   -11.08   -16.52       -42.51   -11.08   -16.52     0.000
   17.14   -11.83   -20.10        17.14   -11.83   -20.10     0.002
   -0.10   -17.59   -33.92        -0.10   -17.59   -33.92     0.004
  -13.63   -33.06   -22.07       -13.63   -33.05   -22.07     0.006
  -17.04     9.41   -21.93       -17.04     9.42   -21.93     0.005
    4.35    29.13    22.44         4.35    29.14    22.44     0.002
  -38.87   -21.76   -16.57       -38.87   -21.76   -16.57     0.001
  -24.95    -9.57    -4.49       -24.95    -9.57    -4.49     0.001
    5.64    25.71     2.20         5.64    25.71     2.20     0.001
  -10.58     4.06   -37.83       -10.58     4.06   -37.83     0.002
    6.19    -8.87   -22.62         6.19    -8.87   -22.62     0.000
  -25.27    10.70   -23.56       -25.27    10.71   -23.56     0.003
    5.66    12.10   -12.30         5.66    12.10   -12.30     0.002
  -10.35    -0.74    19.40       -10.35    -0.74    19.40     0.001
   -4.26   -25.47   -18.58        -4.27   -25.47   -18.59     0.005
   29.99    -8.54     8.98        29.99    -8.54     8.98     0.002
    7.66    -4.74   -22.60         7.66    -4.74   -22.60     0.001
   -2.77    -9.56    59.20        -2.77    -9.56    59.20     0.005
  -13.19    25.30    20.51       -13.19    25.30    20.51     0.001
   -8.28    30.17    15.44        -8.28    30.17    15.44     0.001
   -5.59   -17.37    -7.53        -5.59   -17.37    -7.53     0.002
   -6.32   -15.16   -43.13        -6.32   -15.16   -43.13     0.000
   11.14    25.14   -13.08        11.14    25.14   -13.08     0.001
   -2.47    -7.48   -35.88        -2.47    -7.48   -35.88     0.006
   -3.55    10.11   -15.54        -3.55    10.11   -15.54     0.002
   11.62    -8.64   -22.11        11.62    -8.64   -22.11     0.002
   -5.69    -5.45    50.14        -5.69    -5.45    50.14     0.001
   23.80     8.76    44.45        23.80     8.76    44.45     0.002
   22.12     7.34    55.53        22.12     7.34    55.53     0.001
  -15.11   -12.14   -48.06       -15.11   -12.14   -48.06     0.001
  -12.92   -17.90   -46.21       -12.92   -17.90   -46.21     0.002
   37.33     3.19   -11.05        37.33     3.19   -11.05     0.002
  -21.38   -13.05   -47.37       -21.38   -13.05   -47.37     0.002
   -8.58    -9.29    17.09        -8.59    -9.29    17.09     0.002
   30.08    21.03     1.61        30.09    21.03     1.61     0.002
   -3.37   -22.42   -16.98        -3.37   -22.42   -16.98     0.000
   32.89    -6.91    -6.80        32.89    -6.91    -6.80     0.002
   22.24    11.33    49.80        22.24    11.33    49.80     0.001
   13.29    -7.53    53.67        13.29    -7.53    53.67     0.000
   -2.84     4.19   -23.64        -2.84     4.19   -23.64     0.002
  -21.40    11.03   -31.70       -21.40    11.03   -31.70     0.001
  -35.39   -13.18   -41.05       -35.39   -13.18   -41.04     0.001
  -31.58     4.93   -34.21       -31.58     4.93   -34.21     0.005
   -7.15   -24.52   -39.22        -7.15   -24.52   -39.22     0.003
   38.27     0.79     9.32        38.26     0.79     9.32     0.001
   13.11    25.72   -28.14        13.11    25.73   -28.14     0.004
  -36.93   -24.18   -32.82       -36.93   -24.18   -32.82     0.000
  -25.36   -32.97   -30.37       -25.36   -32.97   -30.37     0.000
   32.71     9.35    16.31        32.71     9.35    16.31     0.002
   17.49    18.28    46.12        17.49    18.28    46.12     0.002
  -29.30    -2.13   -42.33       -29.30    -2.13   -42.34     0.001
   14.40    18.73    53.46        14.40    18.73    53.46     0.003
   -9.90   -20.82   -44.53        -9.90   -20.82   -44.54     0.003
  -22.61   -23.24    -6.25       -22.61   -23.24    -6.25     0.001
  -20.61   -13.49    -4.04       -20.61   -13.49    -4.04     0.002
   13.16    -7.68    33.69        13.16    -7.68    33.69     0.001
