150 PA5-K-Unknown-Output.txt 6
   54.1896  153.1132  -60.6469    9.8266  114.4797  -43.5263
   -4.32     9.77    54.79        -4.31     9.78    54.79     0.009
   19.04   -12.53     2.01        19.04   -12.53     2.01     0.001
   14.87     4.98   -19.03        14.87     4.98   -19.03     0.001
  -20.85    12.41   -35.81       -20.85    12.41   -35.81     0.000
   17.49    20.99   -15.79        17.49    20.99   -15.79     0.001
    8.11    18.99    24.28         8.11    19.00    24.28     0.003
   14.15   -16.89   -12.83        14.15   -16.89   -12.83     0.000
   -3.98    13.90    32.40        -3.98    13.90    32.40     0.003
   -7.92    13.15    36.79        -7.92    13.15    36.79     0.001
    8.03     2.81    68.93         8.03     2.81    68.94     0.003
   23.12    16.47   -25.75        23.11    16.47   -25.75     0.002
   15.93    -7.71   -23.10        15.93    -7.71   -23.10     0.001
   19.02     5.63    53.80        19.03     5.63    53.80     0.004
    0.97     0.81    61.00         0.97     0.81    61.00     0.000
   24.81    20.79     7.20        24.81    20.79     7.20     0.004
  -28.99   -12.41    -9.32       -28.99   -12.41    -9.32     0.003
   11.07   -10.25    13.17        11.07   -10.26    13.17     0.005
    9.37    16.63    -8.66         9.37    16.63    -8.66     0.002
   21.21    -5.09   -23.44        21.21    -5.08   -23.44     0.002
    0.36    10.75    10.15         0.36    10.76    10.15     0.005
   32.97    -2.83   -21.75        32.96    -2.83   -21.75     0.002
  -13.10   -28.49   -36.32       -13.10   -28.49   -36.32     0.003
  -17.90    -0.45    -9.54       -17.90    -0.45    -9.54     0.000
  -12.55   -27.82   -23.73       -12.55   -27.81   -23.73     0.006
   28.78    19.31    -4.82        28.78    19.31    -4.82     0.002
  -40.59   -17.10   -27.81       -40.59   -17.10   -27.81     0.003
    8.90    19.66    27.34         8.90    19.67    27.34     0.008
  -40.04   -18.24   -38.37       -40.04   -18.24   -38.37     0.003
   33.90    -2.17    -3.38        33.91    -2.18    -3.38     0.008
    6.84    21.83    50.79         6.84    21.83    50.78     0.010
  -34.16   -25.89   -38.54       -34.16   -25.89   -38.54     0.001
  -29.40   -16.72   -50.36       -29.40   -16.72   -50.37     0.001
  -35.75     5.59   -24.88       -35.75     5.58   -24.88     0.003
  -39.03   -21.02   -32.38       -39.02   -21.02   -32.38     0.000
  -33.00     5.74   -43.48       -33.00     5.74   -43.48     0.000
   25.81    -6.68   -21.00        25.81    -6.68   -21.00     0.003
   35.61     0.71     0.62        35.60     0.71     0.62     0.005
   18.91    18.08    59.22        18.91    18.08    59.22     0.006
   -3.25    11.95    17.32        -3.25    11.95    17.31     0.003
   17.68    22.06    25.96        17.67    22.06    25.96     0.005
  -13.95     4.25    43.85       -13.94     4.25    43.85     0.004
   -4.33    15.01    42.05        -4.33    15.00    42.04     0.008
   21.57    17.04    28.23        21.56    17.04    28.23     0.002
   34.04    12.78    -8.12        34.03    12.78    -8.12     0.002
   10.04   -13.46    -2.89        10.04   -13.46    -2.89     0.006
    2.99   -11.68   -29.34         2.99   -11.68   -29.35     0.005
   29.56    -5.73    -8.89        29.55    -5.73    -8.89     0.004
   26.58    16.59    10.86        26.58    16.59    10.86     0.000
    8.74    20.02    35.18         8.74    20.02    35.18     0.001
  -34.28     0.91   -13.29       -34.28     0.91   -13.29     0.000
   15.05    25.69    55.34        15.05    25.70    55.34     0.002
   -2.99    11.54    19.62        -2.99    11.54    19.62     0.001
  -39.10   -18.54   -40.75       -39.10   -18.54   -40.75     0.001
   -5.05   -23.77   -21.50        -5.05   -23.77   -21.50     0.001
   30.03    -5.07   -18.79        30.02    -5.06   -18.79     0.003
   26.96     3.67    16.23        26.95     3.67    16.23     0.003
   14.25    -1.63    42.04        14.25    -1.63    42.03     0.005
   -7.15     5.99     3.60        -7.15     5.98     3.60     0.004
  -18.58     7.79   -44.65       -18.58     7.79   -44.65     0.002
  -33.63   -15.55   -49.12       -33.62   -15.55   -49.13     0.003
  -14.08    -0.40   -50.74       -14.08    -0.40   -50.74     0.001
   16.14    11.57   -28.25        16.14    11.57   -28.25     0.001
   30.78    -4.92   -14.57        30.78    -4.92   -14.57     0.000
  -25.81   -26.30   -43.58       -25.81   -26.30   -43.58     0.000
  -26.15   -24.31   -14.37       -26.15   -24.31   -14.37     0.001
   -1.32    -6.91    10.94        -1.32    -6.91    10.94     0.006
   16.24    21.79     9.44        16.24    21.79     9.44     0.002
  -31.54   -10.57    -9.51       -31.54   -10.57    -9.51     0.001
    0.92     7.38    -8.00         0.92     7.38    -8.00     0.001
  -25.48   -17.37   -10.12       -25.48   -17.37   -10.12     0.002
  -26.19   -24.09   -14.31       -26.19   -24.09   -14.31     0.000
   -9.44    -5.83     3.22        -9.44    -5.83     3.21     0.005
   29.25    -5.05   -23.90        29.25    -5.06   -23.90     0.005
  -29.01    -8.74   -52.40       -29.01    -8.74   -52.40     0.001
   -3.52     6.08    49.54        -3.51     6.08    49.53     0.008
   27.09    11.84    12.88        27.09    11.84    12.88     0.001
  -18.05     5.19   -15.53       -18.05     5.19   -15.53     0.002
   17.99    23.88    -2.24        17.99    23.88    -2.24     0.000
  -23.39   -30.28   -26.11       -23.39   -30.28   -26.11     0.003
   28.08    19.00     4.31        28.08    19.00     4.31     0.004
   -5.13    10.30    21.08        -5.12    10.29    21.08     0.005
   27.23    -1.53    13.47        27.23    -1.52    13.47     0.003
   -5.73     1.23   -37.81        -5.72     1.24   -37.82     0.006
  -12.27   -25.95   -42.18       -12.27   -25.95   -42.18     0.000
   -2.63    -4.65    18.06        -2.63    -4.65    18.06     0.002
   -4.15     6.32    47.66        -4.14     6.33    47.66     0.007
  -12.55     9.14   -31.03       -12.55     9.14   -31.03     0.002
   19.40    20.51    30.81        19.39    20.51    30.81     0.009
  -10.89     5.25   -12.64       -10.89     5.26   -12.64     0.004
  -17.99   -15.76    -8.63       -17.99   -15.77    -8.62     0.005
  -22.16   -31.08   -34.92       -22.16   -31.08   -34.92     0.001
   22.64    10.01    30.71        22.64    10.01    30.71     0.003
  -14.58     8.30    31.72       -14.59     8.30    31.72     0.010
  -11.17     6.87    47.57       -11.17     6.87    47.57     0.002
  -32.14     4.12   -44.81       -32.14     4.12   -44.81     0.004
    9.92    10.33    67.57         9.92    10.33    67.57     0.001
   31.82    10.98   -16.30        31.82    10.98   -16.29     0.003
  -18.21   -30.23   -37.55       -18.21   -30.23   -37.55     0.002
    3.50    -1.15    58.40         3.50    -1.15    58.40     0.007
    5.97    14.21    -2.86         5.97    14.21    -2.86     0.001
    9.93    18.81    -8.81         9.94    18.81    -8.81     0.003
   18.53    21.02    10.43        18.53    21.02    10.43     0.003
   -6.53    -0.20    18.10        -6.53    -0.20    18.10     0.002
   31.78    15.22     3.30        31.78    15.22     3.30     0.001
    6.84   -13.45    -5.11         6.84   -13.44    -5.11     0.002
   -9.49     6.37    21.47        -9.50     6.37    21.46     0.007
  -19.37     0.90   -12.32       -19.38     0.90   -12.32     0.001
   26.39     1.50    16.67        26.39     1.50    16.67     0.002
   34.60    -1.18   -15.19        34.61    -1.19   -15.19     0.009
  -21.56   -11.40    -8.55       -21.56   -11.40    -8.54     0.001
   16.78    12.62    67.18        16.78    12.62    67.19     0.004
   -5.38    10.48    15.91        -5.38    10.48    15.91     0.002
   26.01    19.07   -16.46        26.01    19.07   -16.46     0.000
   14.46    20.47    18.87        14.46    20.47    18.87     0.002
   24.82    15.31   -24.82        24.82    15.31   -24.81     0.005
   25.67    -2.07    14.67        25.67    -2.06    14.66     0.007
    3.12    11.47     3.37         3.12    11.47     3.37     0.000
  -30.18    -9.88    -9.44       -30.18    -9.88    -9.44     0.000
    1.24    18.40    43.43         1.24    18.40    43.43     0.001
   35.29     2.14   -17.52        35.29     2.14   -17.52     0.001
   -1.68     1.04    45.48        -1.68     1.04    45.48     0.008
  -22.06   -11.43   -53.49       -22.06   -11.43   -53.49     0.005
   12.29    -4.05    30.77        12.29    -4.07    30.77     0.012
   -7.88     0.31   -43.86        -7.88     0.31   -43.86     0.003
  -12.17   -20.35   -12.72       -12.17   -20.35   -12.72     0.001
   34.58    -1.38    -3.12        34.57    -1.37    -3.12     0.003
  -27.60     2.24   -12.17       -27.60     2.24   -12.17     0.003
  -32.38     6.76   -41.98       -32.37     6.76   -41.98     0.003
  -13.54   -15.58   -51.02       -13.54   -15.58   -51.02     0.001
   27.99    18.85     5.57        27.99    18.86     5.57     0.005
  -10.14    12.92    38.84       -10.14    12.92    38.84     0.003
    9.23    -1.70   -22.10         9.23    -1.70   -22.10     0.001
    2.13   -13.95   -31.55         2.12   -13.95   -31.55     0.001
  -10.61     5.11    25.87       -10.61     5.11    25.87     0.001
  -28.63    -0.26   -12.16       -28.63    -0.26   -12.15     0.004
  -21.94   -20.73   -10.78       -21.94   -20.73   -10.78     0.000
  -10.14   -27.76   -28.04       -10.14   -27.76   -28.04     0.006
  -31.53   -25.44   -18.82       -31.53   -25.44   -18.82     0.002
  -29.57   -28.77   -35.97       -29.57   -28.77   -35.97     0.000
   -9.80     7.37    24.48        -9.79     7.36    24.48     0.009
    4.94    -1.68    67.16         4.94    -1.68    67.16     0.001
  -29.49   -26.52   -18.88       -29.48   -26.52   -18.88     0.005
   -1.11     0.18    44.83        -1.11     0.17    44.83     0.009
  -15.38    -6.69    -4.88       -15.38    -6.69    -4.88     0.002
    4.51   -10.62   -27.53         4.51   -10.62   -27.53     0.002
   -3.19    -1.01    31.84        -3.19    -1.01    31.84     0.002
    8.16    12.44    -6.97         8.16    12.44    -6.97     0.003
   30.02    18.19    -7.13        30.02    18.19    -7.13     0.001
  -21.34    -6.67   -52.97       -21.34    -6.67   -52.97     0.003
  -28.78   -20.75   -12.87       -28.78   -20.75   -12.87     0.001
