400 PA5-H-Unknown-Output.txt 6
   84.1721   95.2793  -81.3555 -134.6839   37.3252  110.2824
   11.18    17.76    -9.55        11.14    17.78    -9.57     0.053
   -1.67    17.99    42.91        -1.79    18.02    42.90     0.118
    3.93    19.59    52.20         3.92    19.55    52.19     0.042
    6.80     0.56   -23.83         6.81     0.59   -23.88     0.050
  -34.34     4.20   -30.81       -34.31     4.16   -30.80     0.051
  -28.46   -11.41    -8.30       -28.43   -11.36    -8.26     0.075
   -4.38   -11.08     1.77        -4.34   -10.91     1.74     0.178
  -30.75     1.12   -13.10       -30.76     1.13   -13.09     0.008
   -2.07   -18.13   -34.15        -2.00   -18.15   -34.17     0.073
  -22.27   -12.50   -48.09       -22.28   -12.45   -48.09     0.048
   -5.54   -10.15   -35.60        -5.54   -10.15   -35.59     0.008
   -0.69    -6.91    38.09        -0.70    -7.03    38.09     0.120
    4.87   -13.12     2.18         4.87   -13.08     2.17     0.041
  -28.19   -20.17    -8.34       -28.20   -20.12    -8.27     0.083
   21.90    22.87   -28.33        21.88    22.86   -28.31     0.027
   -8.05   -29.46   -32.89        -8.10   -29.39   -32.89     0.086
  -21.81     8.89   -22.81       -21.81     8.90   -22.80     0.014
   23.39    12.15    22.27        23.47    12.13    22.30     0.083
  -17.70     4.46   -41.64       -17.70     4.44   -41.63     0.018
   23.36    25.74   -15.57        23.35    25.72   -15.57     0.022
   -6.48   -27.94   -24.50        -6.44   -27.99   -24.49     0.065
  -21.84   -14.79    -7.52       -21.86   -14.80    -7.47     0.052
  -33.34     1.12   -15.11       -33.32     1.09   -15.14     0.041
  -19.88    -7.19    -6.11       -19.86    -7.21    -6.14     0.042
   25.91     1.45   -33.73        25.94     1.45   -33.74     0.030
  -19.78   -17.38    -7.37       -19.77   -17.37    -7.31     0.069
  -44.02    -8.79   -32.22       -43.96    -8.81   -32.21     0.066
   -4.41   -21.19   -21.20        -4.40   -21.20   -21.19     0.013
    9.99    -9.20   -25.03         9.99    -9.18   -25.00     0.032
   -9.55   -17.73   -47.18        -9.55   -17.73   -47.17     0.018
   -3.61    -8.79    15.50        -3.58    -8.69    15.47     0.112
   19.07   -13.30    -6.24        19.11   -13.21    -6.33     0.129
   32.99    11.84   -19.44        33.08    11.82   -19.49     0.097
    7.87     0.61   -23.68         7.88     0.63   -23.72     0.039
  -33.98   -16.52    -8.69       -33.97   -16.51    -8.71     0.013
   17.10    12.89    62.58        17.18    12.87    62.59     0.085
  -25.07   -22.39   -45.90       -25.07   -22.41   -45.94     0.044
   -2.81    20.17    32.48        -2.76    20.14    32.48     0.056
   29.81     5.69     9.78        29.77     5.70     9.75     0.049
    9.87    17.42    70.60         9.87    17.42    70.60     0.001
  -24.99   -27.82   -11.89       -24.99   -27.84   -11.87     0.024
    8.12     2.39    66.84         8.12     2.37    66.81     0.034
   11.64   -10.02     3.34        11.67   -10.07     3.38     0.071
   -1.60    -8.80    18.48        -1.68    -9.06    18.47     0.272
   13.71    20.25   -11.72        13.61    20.27   -11.77     0.112
    8.14   -15.39    -4.78         8.15   -15.33    -4.80     0.064
    0.06     1.24    70.18         0.06     1.23    70.12     0.062
  -12.51     6.50   -37.11       -12.52     6.51   -37.08     0.025
  -26.74     8.25   -28.14       -26.75     8.33   -28.15     0.076
   -4.07   -11.91   -37.22        -4.04   -11.86   -37.22     0.055
    8.56    19.98    48.51         8.55    20.10    48.51     0.116
   37.16     1.94    -8.25        37.23     1.94    -8.29     0.079
   28.53     0.94    10.13        28.57     0.94    10.18     0.071
  -28.21   -21.77    -7.91       -28.21   -21.78    -7.89     0.027
    9.09    20.43    32.96         9.11    20.50    32.97     0.076
  -42.81    -5.41   -30.46       -42.70    -5.46   -30.43     0.123
  -44.30   -11.31   -22.12       -44.33   -11.32   -22.11     0.033
   34.91    12.15     1.85        34.85    12.14     1.85     0.059
  -37.18   -19.44   -11.58       -37.13   -19.40   -11.60     0.063
  -11.25     8.52   -30.66       -11.23     8.55   -30.65     0.036
    9.49     7.67    67.57         9.34     7.67    67.71     0.200
    0.93    -6.10    66.48         0.88    -6.00    66.48     0.105
  -44.29   -10.78   -31.40       -44.38   -10.79   -31.40     0.099
   23.18    25.38    -9.88        23.13    25.26    -9.89     0.131
  -12.56   -21.30   -10.02       -12.61   -21.29   -10.04     0.053
   12.73    22.36    -9.27        12.77    22.35    -9.24     0.052
   28.76     4.16   -31.20        28.75     4.16   -31.19     0.011
    6.82    -5.95   -25.79         6.83    -5.92   -25.73     0.075
   -0.39    12.68    22.45        -0.37    12.68    22.46     0.029
   34.33    -0.45     6.04        34.32    -0.45     6.03     0.003
    8.51    21.02    67.07         8.45    21.19    67.06     0.181
  -32.70   -29.30   -32.25       -32.72   -29.33   -32.25     0.041
   29.47    -5.27   -14.32        29.52    -5.38   -14.31     0.123
   28.64    -5.41   -18.22        28.64    -5.43   -18.22     0.017
  -19.99   -30.11   -15.59       -20.00   -30.07   -15.61     0.053
   35.40    -0.66   -17.19        35.35    -0.67   -17.18     0.050
  -34.95   -21.56   -11.47       -34.96   -21.57   -11.46     0.023
    1.75     4.98    70.50         1.65     5.00    70.61     0.150
  -11.61   -31.44   -24.66       -11.62   -31.40   -24.66     0.043
   -1.62     4.04    41.56        -1.73     4.10    41.56     0.131
   14.14    24.72     6.82        14.14    24.73     6.82     0.013
   -1.11    -6.78    50.04        -1.14    -6.80    50.04     0.034
  -11.00    -0.03     0.10       -10.96    -0.06     0.09     0.045
   17.77    20.53    20.35        17.77    20.56    20.35     0.024
  -25.69   -32.46   -21.66       -25.69   -32.40   -21.67     0.067
   38.21     2.89    -3.95        38.23     2.89    -3.95     0.024
   23.51     7.94   -33.96        23.53     7.95   -33.91     0.052
    5.62    22.90    28.67         5.62    22.87    28.67     0.022
    2.85   -11.88   -23.59         2.89   -11.97   -23.63     0.106
   32.70    -3.67     6.73        32.76    -3.74     6.76     0.094
   31.70    -1.26   -26.10        31.67    -1.25   -26.09     0.030
   27.77    -6.93     7.92        27.69    -6.83     7.88     0.134
   -3.51   -23.34   -33.81        -3.49   -23.34   -33.81     0.015
  -11.42    -1.87     1.75       -11.38    -1.89     1.74     0.043
    1.07    23.38    27.58         1.08    23.34    27.58     0.037
    1.79     9.53    -6.93         1.73     9.61    -6.96     0.102
   14.11    11.86   -16.90        14.16    11.91   -16.95     0.084
   -2.91   -22.81   -27.08        -2.82   -22.85   -27.07     0.095
  -40.90   -17.59   -31.94       -40.91   -17.59   -31.94     0.004
   -9.55     6.33   -19.96        -9.59     6.43   -19.95     0.114
  -19.77     8.93   -34.45       -19.75     8.86   -34.43     0.082
  -38.62     0.19   -29.87       -38.64     0.21   -29.88     0.033
   28.96     9.86    11.56        28.90     9.87    11.52     0.073
   -2.76    -5.07    67.09        -2.79    -5.09    67.09     0.035
   -2.86    -5.15    60.99        -2.74    -5.12    61.00     0.121
   -1.91     8.01   -20.80        -1.91     7.98   -20.80     0.031
  -28.69    -6.28   -45.80       -28.70    -6.28   -45.81     0.012
   14.31     3.67    57.25        14.32     3.66    57.25     0.018
    3.51    -5.30    46.25         3.43    -5.20    46.24     0.130
   10.45    -0.07    53.66        10.57    -0.20    53.66     0.176
   18.12    -9.94   -27.23        18.05    -9.95   -27.20     0.072
  -21.40     8.47   -34.71       -21.38     8.43   -34.71     0.041
   34.76     3.54     7.03        34.76     3.53     7.04     0.013
   34.32    14.45     0.46        34.39    14.51     0.48     0.098
  -18.70   -13.12    -6.10       -18.71   -13.13    -6.06     0.038
  -40.96    -7.35   -37.84       -40.93    -7.36   -37.82     0.038
   -9.60   -16.72   -13.33        -9.60   -16.72   -13.32     0.008
   -1.02    21.25    37.95        -0.84    21.19    37.94     0.189
   -4.19    15.52    28.92        -4.33    15.56    28.89     0.147
   11.67    -2.27   -26.35        11.69    -2.29   -26.32     0.037
   -1.76     7.84    69.26        -1.70     7.85    69.21     0.078
   -0.29   -13.47   -21.35        -0.29   -13.44   -21.34     0.038
   14.37    21.81    62.83        14.24    21.63    62.80     0.222
   -4.25     7.75   -21.33        -4.24     7.79   -21.33     0.041
   19.15     7.03   -28.56        19.12     7.02   -28.58     0.038
  -24.16   -29.98   -38.40       -24.13   -29.88   -38.34     0.125
   17.65    -9.22   -28.13        17.60    -9.21   -28.07     0.081
   35.17     1.00   -16.03        35.39     1.01   -16.05     0.228
  -28.41   -18.78    -8.65       -28.40   -18.79    -8.56     0.088
   -3.42     4.36    21.01        -3.38     4.33    21.01     0.049
   -3.15     7.12    -6.89        -3.12     7.06    -6.89     0.073
   21.31    20.07    39.20        21.32    20.22    39.18     0.160
  -21.22     8.50   -34.09       -21.28     8.61   -34.12     0.127
   30.78     5.90   -30.47        30.76     5.90   -30.46     0.025
   22.24   -12.91    -5.19        22.13   -12.86    -5.19     0.117
    5.88     0.59    68.28         5.79     0.51    68.19     0.153
   24.38    24.46   -21.62        24.31    24.36   -21.57     0.136
  -36.94   -10.17   -42.04       -36.94   -10.17   -42.04     0.000
   21.37   -13.49   -14.93        21.43   -13.50   -14.95     0.061
  -35.84   -15.35   -43.07       -35.89   -15.36   -43.13     0.084
    2.27     6.22    70.87         2.24     6.23    70.89     0.037
    9.69    25.18     8.30         9.69    25.19     8.30     0.011
   18.04    -9.33   -27.12        18.03    -9.33   -27.11     0.006
   -4.97   -23.96   -40.12        -4.96   -23.97   -40.13     0.021
  -44.16   -14.12   -24.15       -44.18   -14.12   -24.14     0.021
    1.89    16.09    14.85         1.92    16.09    14.86     0.034
   -8.67    -3.27    10.56        -8.76    -3.26    10.58     0.088
   -2.77     1.89    39.57        -2.66     1.86    39.57     0.118
    1.11   -14.25   -16.68         1.11   -14.23   -16.67     0.019
   -4.32   -11.89    -3.70        -4.32   -11.86    -3.71     0.025
   -9.69     3.48   -36.87        -9.73     3.41   -36.85     0.085
   17.55    15.15   -20.80        17.56    15.15   -20.80     0.016
   25.49    19.62    15.19        25.56    19.70    15.25     0.126
   22.16    19.90   -30.14        22.20    19.92   -30.17     0.056
    7.85    20.81    33.65         7.89    20.86    33.66     0.058
   22.27   -11.44    -1.95        22.27   -11.55    -1.92     0.120
   25.30     6.14   -34.34        25.31     6.13   -34.33     0.014
   19.10   -13.38    -6.54        19.09   -13.40    -6.51     0.037
  -16.96   -32.42   -35.64       -16.97   -32.38   -35.63     0.043
   17.87    15.98   -28.90        17.92    15.99   -28.88     0.050
   -8.40   -14.10   -11.22        -8.43   -14.05   -11.24     0.067
    1.44    -4.65    70.19         1.40    -4.62    70.10     0.092
    0.77   -10.69   -26.64         0.77   -10.68   -26.63     0.008
   -5.62    -2.79   -40.91        -5.63    -2.80   -40.90     0.013
   21.11    25.58   -22.10        21.12    25.35   -22.13     0.229
  -14.04   -27.97   -13.80       -14.04   -27.95   -13.81     0.025
   26.45    15.62    17.38        26.44    15.62    17.37     0.013
   10.25    11.27   -16.62        10.25    11.29   -16.63     0.022
   -8.67   -25.81   -41.52        -8.66   -25.82   -41.53     0.010
  -10.29   -30.82   -33.38       -10.30   -30.79   -33.37     0.035
   -2.32    -6.19    63.46        -2.27    -6.10    63.45     0.108
  -18.12   -12.29   -49.76       -18.12   -12.29   -49.78     0.019
    2.67    16.34    66.95         2.70    16.28    66.95     0.073
  -26.09   -24.85   -44.11       -26.09   -24.88   -44.15     0.049
   -0.62    -6.69    59.73        -0.63    -6.77    59.73     0.081
   10.56    -2.60    30.53        10.62    -2.78    30.54     0.189
  -13.31     9.81   -33.29       -13.40     9.64   -33.27     0.192
   28.26    22.18    -2.44        28.27    22.21    -2.44     0.026
   16.11    20.55    48.31        16.12    20.62    48.30     0.070
   -5.96    -0.46    28.31        -5.70    -0.55    28.25     0.277
   21.40   -13.08    -4.97        21.40   -12.98    -5.02     0.109
   17.00     3.06    32.68        16.99     3.07    32.68     0.007
   20.25    25.25   -26.38        20.14    25.31   -26.38     0.125
   -5.28    -5.67   -35.78        -5.26    -5.68   -35.79     0.027
  -26.31     8.28   -28.67       -26.32     8.32   -28.67     0.046
   -0.76    -1.54    70.18        -0.76    -1.54    70.20     0.019
   21.29    17.83    38.97        21.34    17.82    38.98     0.049
   11.51   -18.10   -10.85        11.52   -18.09   -10.85     0.007
   20.57   -15.03   -11.60        20.59   -15.06   -11.60     0.032
   -9.96   -30.23   -34.65        -9.96   -30.22   -34.65     0.003
   25.49    10.81   -33.55        25.50    10.85   -33.59     0.062
  -20.97     5.01   -40.93       -20.96     4.97   -40.90     0.044
    8.71    -2.28    47.23         8.64    -2.21    47.23     0.101
   -7.88     6.24   -16.80        -7.94     6.39   -16.75     0.172
   17.51    19.84    22.69        17.51    19.98    22.71     0.141
    5.08    -3.72    49.33         5.07    -3.70    49.33     0.027
  -41.14   -20.42   -32.84       -41.19   -20.41   -32.86     0.059
   -2.04     5.22    32.96        -2.04     5.23    32.96     0.006
  -22.30     7.96   -35.09       -22.28     7.94   -35.08     0.031
   18.45   -12.76   -21.38        18.51   -12.80   -21.42     0.082
  -38.61    -9.73   -11.38       -38.52    -9.80   -11.45     0.135
  -13.36   -10.82    -2.10       -13.36   -10.81    -2.10     0.001
   14.64    24.93     6.12        14.63    24.80     6.10     0.132
   28.91     3.55    10.16        28.90     3.55    10.15     0.016
   11.10    21.21    56.03        11.09    21.24    56.03     0.028
    5.45    10.05    69.87         5.45    10.06    69.88     0.011
   -1.12     3.69    70.03        -1.12     3.69    70.03     0.001
   -0.76     6.37    42.16        -0.64     6.30    42.16     0.140
   36.44    -0.94     1.17        36.44    -0.94     1.17     0.005
   -8.32    -3.42    12.51        -8.26    -3.42    12.50     0.057
  -11.61   -30.62   -35.56       -11.61   -30.62   -35.56     0.001
   -0.38    15.36    22.16        -0.39    15.36    22.16     0.013
   -3.16    12.60    45.32        -3.15    12.60    45.32     0.006
   -4.72    14.65    39.56        -4.80    14.69    39.56     0.092
    4.35    -4.31    57.98         4.35    -4.30    57.98     0.014
   36.08     2.26     5.84        36.02     2.27     5.81     0.067
    5.93    24.50    11.04         5.94    24.50    11.04     0.005
  -12.10    -8.50   -49.36       -12.10    -8.49   -49.38     0.022
   31.65     9.75   -24.12        31.67     9.76   -24.12     0.021
  -20.73     7.92   -37.10       -20.74     7.98   -37.11     0.061
    3.16    23.84    20.07         3.17    23.84    20.07     0.009
   11.10    18.03    -9.09        11.07    18.05    -9.11     0.040
  -28.21   -31.79   -21.42       -28.19   -31.73   -21.43     0.060
   -3.85   -12.00   -35.59        -3.81   -11.93   -35.59     0.074
  -20.42   -27.17   -41.91       -20.42   -27.18   -41.91     0.004
   16.54    16.16   -15.14        16.48    16.14   -15.17     0.064
   -1.96     7.93     0.76        -1.97     7.95     0.76     0.020
  -14.21   -32.30   -33.54       -14.22   -32.28   -33.53     0.021
   23.17    14.31   -32.33        23.17    14.31   -32.33     0.001
   17.47    17.18   -18.15        17.47    17.18   -18.15     0.003
   -9.15    -2.60     8.80        -9.07    -2.61     8.78     0.083
   21.54   -11.49    -2.07        21.54   -11.58    -2.05     0.094
   -2.66     7.29    61.85        -2.48     7.30    61.84     0.183
  -32.01    -4.36   -11.34       -32.02    -4.32   -11.33     0.044
    0.56    19.52    16.43         0.45    19.59    16.35     0.145
   19.37    24.43   -24.79        19.43    24.37   -24.79     0.088
   22.02    22.52   -28.40        22.01    22.51   -28.39     0.016
   -4.07   -25.78   -30.16        -4.20   -25.72   -30.15     0.146
   14.91    19.16    33.89        14.91    19.13    33.89     0.032
  -10.90   -28.09   -39.85       -10.91   -28.07   -39.83     0.030
  -41.58    -6.37   -15.43       -41.54    -6.37   -15.49     0.064
   14.42    -6.92   -27.91        14.40    -6.93   -27.93     0.029
   21.33    24.88   -26.06        21.31    24.85   -26.05     0.039
   -3.76    -3.37    40.00        -3.72    -3.36    40.00     0.045
   -4.62   -18.55   -16.70        -4.62   -18.53   -16.71     0.021
  -40.32   -17.30   -33.86       -40.43   -17.31   -33.89     0.111
   -0.31    19.61    18.58        -0.27    19.53    18.57     0.086
  -40.61    -2.40   -19.33       -40.59    -2.41   -19.34     0.021
   -2.14    -6.17    62.77        -2.14    -6.19    62.77     0.018
   20.56    19.02    42.59        20.56    19.02    42.59     0.002
    3.46    23.78    20.73         3.37    23.90    20.75     0.153
   36.14     7.26     4.03        36.20     7.27     4.03     0.061
  -12.06     8.98   -32.92       -12.04     9.03   -32.93     0.055
   37.30     6.26    -2.13        37.20     6.22    -2.14     0.105
    3.52   -13.20     0.24         3.52   -13.19     0.24     0.013
   -5.03    -9.43    10.05        -5.05    -9.47    10.06     0.050
    3.76    -7.16    27.29         3.73    -7.13    27.29     0.038
  -28.50   -32.45   -28.42       -28.48   -32.34   -28.42     0.113
  -24.19   -33.03   -26.52       -24.19   -33.11   -26.51     0.073
   -2.00     4.48    62.58        -2.10     4.47    62.60     0.108
  -24.06   -30.42   -37.37       -24.07   -30.45   -37.39     0.037
  -33.43   -26.00   -38.05       -33.44   -26.01   -38.05     0.012
    0.89    22.23    21.14         0.90    22.22    21.14     0.016
  -39.82   -15.52   -37.65       -39.80   -15.52   -37.64     0.024
   30.00    14.02    11.28        30.02    14.01    11.30     0.025
  -19.78     5.96   -39.64       -19.78     5.90   -39.62     0.064
   -1.25     6.25    51.70        -1.25     6.25    51.70     0.001
  -16.31    -8.70    -3.17       -16.38    -8.71    -3.10     0.098
    5.63    21.13     8.08         5.67    21.12     8.09     0.040
  -16.58    -9.25    -3.65       -16.58    -9.25    -3.64     0.004
    2.14    10.70     3.30         2.11    10.73     3.30     0.042
   21.14    -3.42    16.11        21.14    -3.42    16.12     0.018
   33.42    -2.88   -16.09        33.39    -2.85   -16.08     0.044
   -2.41    -1.97   -31.10        -2.39    -1.96   -31.12     0.031
   -4.54    14.41    28.91        -4.45    14.40    28.94     0.096
   23.79    -0.85   -32.45        23.77    -0.86   -32.46     0.020
  -29.35   -31.94   -27.18       -29.36   -31.97   -27.18     0.028
    6.87    25.36    10.90         6.88    25.23    10.88     0.133
   -2.71     8.79    62.24        -2.61     8.80    62.24     0.095
   19.83    24.76   -20.97        19.80    24.77   -20.97     0.026
   24.04    13.84    21.72        24.05    13.84    21.73     0.011
  -33.69    -1.13   -11.70       -33.69    -1.14   -11.71     0.011
   -0.38     1.76   -28.30        -0.37     1.77   -28.31     0.014
   29.62    22.21    -8.98        29.64    22.23    -8.98     0.026
   20.32    25.55   -15.32        20.31    25.73   -15.36     0.184
   20.47    18.83   -31.67        20.48    18.85   -31.72     0.057
   19.05   -12.73    -5.94        19.04   -12.75    -5.92     0.032
   24.76    25.03   -10.66        24.73    24.93   -10.67     0.112
    2.69    13.55    10.17         2.66    13.57    10.16     0.034
    7.41    -2.20    59.22         7.46    -2.29    59.23     0.099
   -0.51    19.12    19.38        -0.54    19.12    19.37     0.036
   18.97    -8.50     6.98        19.00    -8.46     6.98     0.053
   -3.43    -8.04    27.08        -3.40    -8.27    27.13     0.242
  -33.69   -19.38   -43.07       -33.60   -19.29   -42.96     0.171
  -33.55     5.14   -28.74       -33.55     5.15   -28.74     0.009
  -13.04   -11.22   -49.59       -13.07   -11.25   -49.66     0.087
    5.30    -8.04    19.59         5.32    -8.05    19.59     0.020
    4.15    21.25    11.47         4.13    21.26    11.47     0.019
    5.57    -8.86    15.66         5.59    -8.89    15.67     0.046
   -2.56    20.19    29.77        -2.67    20.26    29.77     0.124
   -0.99     4.14    70.08        -0.99     4.14    70.07     0.010
  -34.74   -24.63   -38.04       -34.77   -24.66   -38.06     0.051
   -3.84    15.09    42.84        -3.77    15.02    42.83     0.094
  -40.04   -19.27   -35.36       -40.06   -19.26   -35.38     0.030
   -9.89    -9.41     2.30        -9.94    -9.47     2.34     0.091
   -0.43    12.75    22.87        -0.49    12.75    22.85     0.068
   13.08    -0.94    33.30        13.08    -0.94    33.30     0.001
   -7.62    -3.13    20.65        -7.61    -3.13    20.65     0.018
    0.64    -6.07    69.49         0.62    -5.96    69.46     0.112
   -2.20     3.69    49.35        -2.20     3.69    49.35     0.002
   -0.35    -6.94    40.60        -0.36    -7.05    40.60     0.111
  -42.90    -5.82   -21.12       -42.87    -5.84   -21.13     0.034
  -28.81   -14.80    -7.73       -28.79   -14.77    -7.62     0.113
    5.53    -5.70   -25.88         5.53    -5.70   -25.88     0.000
    7.69    20.49     2.67         7.67    20.50     2.66     0.025
   24.54    -7.87    13.39        24.44    -7.76    13.33     0.163
   -0.08    18.53    19.70        -0.14    18.52    19.66     0.077
   33.74     1.56     5.99        33.74     1.52     6.06     0.076
    1.91   -12.77    -1.29         1.93   -12.73    -1.30     0.047
   12.69    -3.14    23.99        12.73    -3.21    24.00     0.075
  -36.60   -16.26    -9.95       -36.62   -16.26    -9.92     0.031
  -24.88   -23.54   -44.92       -24.88   -23.58   -44.98     0.073
   19.56    21.29   -31.44        19.60    21.26   -31.41     0.060
  -44.59   -11.43   -29.84       -44.50   -11.44   -29.83     0.098
    0.38    15.34    20.42         0.42    15.35    20.44     0.049
   16.78     6.74    47.40        16.60     6.81    47.38     0.199
   -2.44   -12.98   -30.55        -2.50   -13.03   -30.55     0.075
   36.35     5.55   -10.15        36.28     5.54   -10.12     0.079
   23.40    20.50   -28.23        23.45    20.54   -28.28     0.075
   17.66    20.54   -22.96        17.67    20.54   -22.96     0.015
   29.02    22.43   -14.97        29.07    22.48   -14.98     0.069
    0.97   -14.23   -17.09         0.97   -14.15   -17.07     0.081
   20.50   -11.31    -2.58        20.53   -11.28    -2.60     0.044
   -8.35   -10.74     0.24        -8.35   -10.85     0.26     0.112
    2.86    -3.26    70.51         2.87    -3.26    70.46     0.053
   13.35    26.97    -4.70        13.33    26.81    -4.68     0.155
    6.24    18.68     3.65         6.29    18.65     3.66     0.053
  -41.19   -21.58   -26.16       -41.20   -21.59   -26.16     0.011
   20.27     0.96   -30.56        20.23     0.94   -30.62     0.073
   -3.95    15.61    26.88        -3.85    15.64    26.91     0.101
  -24.75    -1.42   -45.87       -24.74    -1.43   -45.85     0.032
  -30.42   -21.19   -44.69       -30.41   -21.18   -44.67     0.017
   -3.37   -24.16   -28.93        -3.42   -24.14   -28.93     0.048
   32.34    17.40    -2.24        32.26    17.33    -2.24     0.103
    5.92     8.79    69.20         5.86     8.79    69.18     0.066
   17.61    14.88   -18.03        17.56    14.91   -18.02     0.062
  -16.37     1.51   -44.49       -16.37     1.50   -44.47     0.022
   -4.33   -14.58    -9.66        -4.32   -14.56    -9.68     0.025
   28.40    -4.64   -23.84        28.38    -4.57   -23.82     0.079
    7.43     7.80    67.33         7.38     7.82    67.29     0.069
   15.31    18.37    67.02        15.39    18.40    67.03     0.083
   11.64    21.54    -8.08        11.78    21.49    -7.99     0.176
   35.71    -1.23     2.64        35.89    -1.31     2.65     0.199
  -24.17   -32.67   -33.33       -24.17   -32.67   -33.33     0.002
    8.30   -15.58   -15.06         8.30   -15.58   -15.06     0.001
   13.90    13.23    70.16        13.90    13.22    70.16     0.007
  -43.60   -12.63   -18.57       -43.53   -12.59   -18.60     0.089
   -1.47     4.46    42.91        -1.55     4.50    42.91     0.096
   -8.26     0.27     6.71        -8.17     0.21     6.68     0.121
  -30.81   -30.61   -30.59       -30.84   -30.66   -30.60     0.055
   17.22     7.03    43.77        17.12     7.07    43.75     0.112
  -19.28     7.71   -37.69       -19.29     7.66   -37.62     0.090
   29.64    20.28     0.78        29.59    20.23     0.78     0.070
   -6.35    -9.96   -38.30        -6.32    -9.92   -38.30     0.050
  -33.66   -16.28    -8.53       -33.65   -16.28    -8.58     0.048
  -37.23   -26.31   -27.49       -37.28   -26.36   -27.48     0.076
   19.03    19.00    48.98        19.09    18.92    49.04     0.120
    5.64   -14.93    -4.55         5.65   -14.89    -4.56     0.048
  -34.92   -17.89    -9.35       -34.92   -17.89    -9.35     0.005
   21.55    18.84   -31.40        21.48    18.81   -31.31     0.116
   17.52    19.63    24.85        17.52    19.63    24.85     0.008
   10.04    -7.96     9.32        10.06    -8.00     9.33     0.046
   -6.17   -24.84   -41.10        -6.15   -24.86   -41.12     0.033
   17.30    -1.57    21.64        17.30    -1.58    21.64     0.013
   11.12     5.71    68.07        11.11     5.69    68.14     0.077
   24.90    -9.31    -4.23        24.88    -9.29    -4.23     0.027
   21.39   -10.21     8.34        21.36   -10.30     8.35     0.094
   14.84    -8.00   -27.71        14.85    -7.98   -27.69     0.030
   23.79    13.67    22.44        23.77    13.68    22.44     0.020
   -1.39     8.62    21.03        -1.43     8.62    21.04     0.043
   13.73    20.06   -12.15        13.75    20.06   -12.14     0.021
   19.61    -6.18    13.21        19.62    -6.15    13.20     0.033
   -4.14   -10.01     8.53        -4.15    -9.91     8.51     0.099
   19.82    24.85   -20.54        19.81    24.85   -20.54     0.013
  -13.26   -32.16   -26.78       -13.28   -32.08   -26.79     0.080
   32.21    -4.60     3.61        32.16    -4.51     3.61     0.106
   -4.88    -9.97     7.33        -4.88   -10.04     7.33     0.070
   14.80     5.95    67.67        14.82     5.94    67.68     0.037
   26.36     3.22   -33.91        26.35     3.23   -33.89     0.020
  -39.16    -0.03   -22.00       -39.14    -0.05   -22.01     0.028
    7.87    20.81    67.21         7.81    20.99    67.19     0.191
   15.42    -7.82   -27.96        15.39    -7.85   -28.02     0.081
  -20.05     4.76   -41.29       -20.05     4.78   -41.31     0.026
    4.06     9.96   -15.20         4.08     9.90   -15.20     0.062
   32.40    -2.68   -22.12        32.29    -2.64   -22.11     0.119
   26.03    16.63   -27.99        26.00    16.62   -27.94     0.060
   12.20    14.93    70.64        12.20    14.93    70.64     0.003
   12.22    10.74   -18.29        12.22    10.74   -18.29     0.001
   20.39   -13.64    -6.03        20.38   -13.58    -6.06     0.067
    5.51    18.94    67.75         5.61    18.87    67.75     0.116
