400 PA5-J-Unknown-Output.txt 6
   -5.2332 -144.4728  -57.0656 -132.1987   15.5444 -108.2038
  -41.41   -18.06   -35.47       -41.39   -18.04   -35.46     0.024
   34.21    -3.29   -29.98        34.24    -3.32   -29.94     0.058
  -17.82    10.64   -11.82       -17.80    10.59   -11.86     0.062
    6.09    20.86    29.09         6.10    20.85    29.09     0.017
  -36.00    -2.13   -43.63       -36.05    -2.11   -43.71     0.099
  -22.96   -26.88    -3.67       -22.97   -26.86    -3.69     0.029
  -37.82    -2.38   -42.64       -37.85    -2.37   -42.67     0.043
   -5.31     8.64   -25.92        -5.32     8.64   -25.92     0.005
   23.45    -7.10   -27.54        23.42    -7.12   -27.57     0.046
  -14.47   -16.50    -1.22       -14.47   -16.50    -1.21     0.009
  -37.08     4.98   -36.97       -37.10     4.99   -36.97     0.017
   -8.96   -30.18   -29.25        -8.88   -30.24   -29.27     0.105
   17.53    26.77   -34.04        17.45    26.84   -34.11     0.127
    1.51    -9.65    26.64         1.51    -9.61    26.63     0.039
   -2.47   -24.68   -27.07        -2.45   -24.72   -27.08     0.040
  -15.20    18.20    13.99       -15.27    18.23    13.89     0.120
   31.73    25.59    -3.55        31.78    25.64    -3.55     0.071
   19.55     4.23   -27.90        19.55     4.24   -27.86     0.043
  -15.01   -29.65   -35.57       -15.00   -29.69   -35.61     0.052
    3.59   -20.43    -6.41         3.58   -20.42    -6.44     0.027
   -6.86     8.60    -4.49        -6.84     8.55    -4.49     0.051
   42.07     5.55   -18.45        42.13     5.53   -18.46     0.065
  -14.39    18.09   -23.36       -14.42    17.99   -23.37     0.109
   40.09    11.25    -0.44        40.18    11.27    -0.41     0.095
    3.40    21.86     6.87         3.49    21.77     6.90     0.139
  -41.10    -6.61   -40.28       -41.12    -6.61   -40.29     0.024
    1.07     3.95    61.98         1.00     3.88    62.00     0.100
   -9.15     7.58   -34.58        -9.24     7.55   -34.57     0.097
  -42.58   -17.94   -18.33       -42.61   -17.95   -18.33     0.028
   11.98     8.27    61.50        11.98     8.27    61.50     0.001
   -6.54    -0.94    61.12        -6.55    -0.94    61.15     0.031
  -11.85   -27.43   -37.51       -11.85   -27.44   -37.51     0.009
  -32.90    11.31   -16.20       -32.88    11.29   -16.20     0.027
    9.27    20.74    52.53         9.37    20.60    52.53     0.173
   26.48   -14.37    -4.76        26.43   -14.36    -4.80     0.064
   -1.80   -23.88    -3.93        -1.77   -23.91    -3.90     0.052
  -32.32   -33.44   -26.35       -32.26   -33.34   -26.34     0.124
   -4.41    -6.40   -33.52        -4.43    -6.44   -33.56     0.055
   11.10   -11.92   -22.35        11.09   -11.88   -22.28     0.075
   -8.95    14.90    12.33        -8.96    14.90    12.31     0.020
  -10.35     0.97    55.47       -10.32     0.98    55.47     0.031
  -41.60     6.44   -23.74       -41.58     6.43   -23.73     0.025
  -37.06   -29.54   -24.79       -36.99   -29.48   -24.78     0.091
   36.08     3.79   -27.68        36.12     3.77   -27.70     0.054
  -16.85   -33.84   -17.97       -16.83   -33.91   -17.96     0.068
    1.44    -9.07    43.56         1.43    -9.11    43.56     0.038
  -42.74    -5.70    -7.28       -42.74    -5.69    -7.28     0.004
   21.13    16.82    28.55        21.00    16.81    28.51     0.137
   -2.12    16.45    40.81        -2.13    16.46    40.83     0.025
    9.98    -6.75   -23.54         9.93    -6.73   -23.47     0.082
   22.14    19.95   -34.37        22.16    19.96   -34.40     0.044
    9.41    24.64    18.97         9.36    24.74    18.99     0.112
  -23.71    13.56   -32.96       -23.71    13.54   -32.94     0.027
   18.57     4.31    35.89        18.53     4.32    35.88     0.039
   17.05   -15.13   -17.86        17.05   -15.12   -17.86     0.009
   -0.22   -24.75    -6.27        -0.25   -24.73    -6.29     0.043
  -13.97   -32.87   -28.54       -13.96   -32.93   -28.55     0.062
   38.65     3.40     3.51        38.69     3.37     3.55     0.058
   33.13    -7.74   -11.70        33.13    -7.74   -11.70     0.001
  -18.83   -34.63   -23.28       -18.84   -34.62   -23.28     0.005
   -4.70    23.07    30.62        -4.75    22.97    30.62     0.117
   22.75   -19.84    -3.17        22.75   -19.84    -3.17     0.001
   17.54   -15.74   -18.11        17.54   -15.74   -18.12     0.006
    6.09   -21.26   -21.63         6.10   -21.26   -21.64     0.008
   32.25    -7.36   -10.15        32.22    -7.35   -10.17     0.032
   14.50   -14.11     7.83        14.51   -14.13     7.83     0.025
   16.54    27.99    11.96        16.55    27.91    11.92     0.088
   -3.49     3.83   -29.10        -3.48     3.84   -29.10     0.006
   19.04   -19.76   -13.90        19.11   -19.63   -13.84     0.154
   39.50     0.76    -1.33        39.47     0.79    -1.34     0.056
   31.34     8.55    12.42        31.32     8.57    12.39     0.044
   -9.49    14.94    12.40        -9.48    14.95    12.41     0.016
   22.16    28.97     7.87        22.17    28.99     7.88     0.018
  -37.40   -23.91   -35.70       -37.31   -23.82   -35.63     0.147
  -11.71    -4.17     5.68       -11.72    -4.18     5.69     0.018
    1.18    -4.45    61.62         1.18    -4.45    61.62     0.000
  -17.65   -34.15   -24.55       -17.63   -34.21   -24.55     0.067
  -42.34    -6.35   -35.92       -42.43    -6.33   -35.93     0.096
    8.12   -17.96    -1.46         8.15   -17.92    -1.47     0.054
   25.71    -9.85    -2.37        25.62    -9.81    -2.42     0.104
    6.42    14.09    -3.84         6.39    14.14    -3.87     0.066
   -3.94    -5.10    23.96        -4.07    -5.18    23.96     0.159
    8.00    -8.46    43.49         7.95    -8.35    43.48     0.118
   -8.81     5.84    59.74        -8.80     5.82    59.72     0.033
   11.16   -19.56    -5.49        11.15   -19.59    -5.49     0.028
   25.82   -16.69    -4.05        25.76   -16.70    -4.12     0.095
   23.05    19.93    22.83        22.99    19.92    22.80     0.066
   14.32   -14.88     5.91        14.32   -14.88     5.91     0.002
   -9.18    11.23    39.13        -9.18    11.23    39.13     0.001
  -40.46   -12.52    -3.65       -40.49   -12.53    -3.62     0.047
    0.91   -21.61    -5.67         0.89   -21.60    -5.71     0.046
   19.25   -10.18     7.53        19.23   -10.17     7.51     0.033
  -43.69    -7.15    -9.44       -43.85    -7.15    -9.40     0.169
   -4.19    -6.60   -33.39        -4.20    -6.63   -33.41     0.031
   -7.37   -28.25   -29.14        -7.43   -28.22   -29.12     0.067
   12.25    26.00    -4.25        12.30    25.98    -4.21     0.063
    4.02    -9.57    35.66         4.01    -9.40    35.65     0.166
    7.01    -9.09    44.77         6.93    -8.82    44.76     0.291
  -40.93   -19.35   -34.37       -40.88   -19.32   -34.36     0.052
   16.76     6.24    46.68        16.94     6.25    46.69     0.188
    7.49   -19.75   -16.22         7.50   -19.77   -16.22     0.019
   -1.11    17.45    40.04        -1.10    17.41    40.02     0.043
   23.81    19.11   -33.73        23.82    19.12   -33.76     0.032
    1.38     3.00    60.39         1.32     2.96    60.40     0.073
   11.73    -6.51    38.26        11.62    -6.34    38.26     0.207
   16.35     3.20    49.88        16.36     3.20    49.88     0.007
   13.01    29.54     3.34        12.91    29.64     3.32     0.142
  -25.19    -8.77   -48.47       -25.18    -8.78   -48.45     0.018
   21.67     8.62   -28.11        21.66     8.62   -28.12     0.013
   29.52    21.55   -29.51        29.50    21.55   -29.46     0.058
  -16.45    18.46    30.44       -16.49    18.48    30.45     0.045
  -12.18    12.12    33.89       -12.10    12.16    33.83     0.109
   10.89    -6.65    38.34        10.96    -6.75    38.34     0.124
   26.29   -10.81    -3.75        26.16   -10.81    -3.83     0.155
  -42.84   -11.33   -20.95       -42.80   -11.33   -20.95     0.039
   39.51    11.68   -24.72        39.62    11.70   -24.77     0.122
   -4.19   -21.63    -3.58        -4.21   -21.60    -3.62     0.055
   14.53    25.10    20.46        14.52    24.96    20.40     0.155
  -33.30     6.51   -37.42       -33.32     6.55   -37.45     0.059
  -15.03    -2.54     3.06       -14.93    -2.55     3.00     0.119
  -31.56    12.35   -17.64       -31.51    12.28   -17.65     0.090
  -13.98    13.65   -35.95       -13.99    13.61   -35.92     0.048
   18.69    30.06   -14.62        18.72    30.02   -14.62     0.046
    3.31     7.99   -21.21         3.35     8.02   -21.25     0.061
    2.44   -10.59    56.73         2.43   -10.61    56.73     0.026
   18.47    19.43    35.32        18.53    19.43    35.34     0.061
  -12.99   -30.93   -33.66       -12.98   -30.83   -33.59     0.119
   34.05    24.47   -21.96        34.04    24.46   -21.96     0.009
   22.69    29.61     5.62        22.73    29.69     5.65     0.092
   -1.97    19.78    10.23        -1.98    19.79    10.22     0.018
   -5.03    22.56    32.69        -5.02    22.57    32.69     0.008
   11.52    14.81    54.13        11.64    14.87    54.18     0.148
   14.64    23.65    24.31        14.62    23.53    24.17     0.187
  -14.79   -18.07   -45.71       -14.79   -18.06   -45.69     0.026
    3.21    21.78    23.70         3.19    21.86    23.71     0.087
    7.89    21.44    28.51         7.89    21.47    28.53     0.025
   42.26     9.24    -8.63        42.38     9.26    -8.63     0.125
  -36.18   -28.88   -14.12       -36.16   -28.87   -14.12     0.020
   13.80    14.96    48.87        13.94    15.01    48.93     0.163
    1.99    -5.39   -28.05         1.94    -5.39   -28.00     0.067
   16.26    -6.88    15.25        16.27    -6.88    15.25     0.009
   -2.77    16.73    10.81        -2.77    16.73    10.81     0.001
    6.25    21.02    29.02         6.27    20.98    29.00     0.053
    6.78    13.46    -5.80         6.76    13.55    -5.81     0.092
   21.04    31.20   -20.92        21.00    31.40   -20.90     0.208
    3.64     5.21    62.51         3.68     5.19    62.54     0.058
   39.23    18.84   -19.74        39.14    18.77   -19.71     0.124
  -10.08     0.65    52.92       -10.19     0.64    52.90     0.111
   -7.12     8.46     3.65        -7.17     8.53     3.65     0.087
  -20.22   -33.72   -12.83       -20.20   -33.84   -12.81     0.125
  -15.95   -33.35   -29.44       -15.96   -33.31   -29.43     0.036
   -7.10    10.47    54.72        -7.21    10.57    54.72     0.154
   -3.48   -24.21   -29.10        -3.43   -24.30   -29.14     0.109
   17.15    18.35    39.48        17.13    18.35    39.47     0.020
   -7.42     9.47    -9.22        -7.42     9.48    -9.21     0.007
  -12.07   -32.03   -29.33       -12.08   -32.00   -29.33     0.029
   11.68    -8.85    20.73        11.66    -8.83    20.72     0.025
    8.88    -1.65    60.31         8.87    -1.64    60.28     0.028
  -44.01    -3.74   -12.19       -44.07    -3.73   -12.17     0.063
  -17.21   -23.19   -43.90       -17.22   -23.16   -43.86     0.046
    6.92   -19.57    -9.06         6.98   -19.61    -9.05     0.074
   12.50    28.48     0.69        12.49    28.49     0.69     0.017
   19.52    28.95   -32.23        19.54    28.88   -32.14     0.120
  -11.29     9.18    17.36       -11.42     9.11    17.28     0.167
   19.30    26.59   -34.58        19.31    26.64   -34.63     0.066
   -7.57   -22.17    -3.50        -7.57   -22.14    -3.53     0.039
    2.49   -18.79    -3.77         2.51   -18.92    -3.68     0.162
  -22.12   -11.77   -48.58       -22.11   -11.77   -48.59     0.004
  -13.90     9.36    29.68       -13.90     9.36    29.68     0.002
  -43.78   -11.92   -26.37       -43.79   -11.92   -26.37     0.011
   13.38    20.58    44.25        13.44    20.69    44.25     0.130
  -35.58     7.29   -35.27       -35.56     7.27   -35.26     0.030
  -22.08   -10.55    -0.27       -22.08   -10.56    -0.32     0.047
   13.49    22.80    27.21        13.52    22.68    27.20     0.122
  -42.98    -8.40    -7.41       -42.94    -8.40    -7.44     0.049
   28.52    10.93   -33.04        28.52    10.93   -33.00     0.043
   20.10     3.30    28.66        20.26     3.26    28.71     0.172
   -9.37     5.23    59.76        -9.37     5.23    59.77     0.016
   -9.53     7.63    52.26        -9.45     7.57    52.27     0.109
   18.00    29.60   -14.16        18.02    29.57   -14.16     0.032
   36.36     5.39     7.36        36.48     5.33     7.46     0.163
    5.51    16.88    54.63         5.35    17.05    54.65     0.231
  -29.80    14.86   -26.81       -29.74    14.79   -26.82     0.097
    2.30    -0.31   -25.86         2.30    -0.31   -25.87     0.010
   37.65     5.59     6.01        37.76     5.51     6.11     0.167
   -2.76   -19.19   -33.31        -2.79   -19.18   -33.29     0.039
   -7.81   -18.30    -1.77        -7.78   -18.23    -1.83     0.100
   -9.22     0.53    60.34        -9.22     0.53    60.34     0.001
    0.61    -2.13   -28.05         0.68    -2.07   -28.10     0.102
  -34.13   -15.15   -44.83       -34.12   -15.14   -44.80     0.035
  -23.94    -2.86   -46.99       -23.93    -2.87   -46.97     0.022
   11.18    -5.54   -23.87        11.17    -5.56   -23.90     0.039
    6.85    13.40    -7.69         6.87    13.32    -7.68     0.085
   -8.73     1.73    25.87        -8.83     1.69    25.89     0.103
   15.21     7.94    57.37        15.04     7.90    57.34     0.178
   -9.17     7.11    -1.32        -9.12     7.02    -1.34     0.112
  -32.78   -21.57    -1.57       -32.78   -21.57    -1.57     0.007
   -9.57     3.27    39.43        -9.73     3.22    39.43     0.169
    8.74   -11.39    19.71         8.73   -11.38    19.70     0.020
   29.22    28.02   -23.69        29.20    28.01   -23.68     0.030
  -19.63    -5.47    -0.25       -19.69    -5.45    -0.17     0.106
   17.43     2.94    41.66        17.23     2.98    41.63     0.209
   -5.98    23.45    30.93        -6.00    23.53    30.93     0.077
   34.88    23.66   -10.94        34.81    23.61   -10.95     0.087
  -27.04   -34.70   -24.00       -27.05   -34.73   -24.00     0.030
   -3.04   -20.06   -33.25        -3.07   -20.04   -33.23     0.047
   28.65    -9.93    -7.18        28.65    -9.93    -7.17     0.009
   14.74    -2.83    41.75        14.83    -2.88    41.76     0.100
  -24.61   -29.33    -6.80       -24.63   -29.39    -6.77     0.070
  -14.11   -26.93   -39.82       -14.11   -26.92   -39.81     0.017
   -7.21    10.52   -10.70        -7.22    10.57   -10.67     0.061
  -36.71    -7.92   -44.84       -36.75    -7.90   -44.90     0.075
  -14.39     1.80   -44.11       -14.36     1.86   -44.20     0.110
    0.31   -10.38    57.62         0.30   -10.51    57.61     0.127
    7.49    13.79    -5.46         7.48    13.80    -5.46     0.005
   26.36    26.09   -30.04        26.31    26.04   -29.98     0.104
   42.38     9.73   -13.81        42.35     9.72   -13.81     0.030
  -29.60     0.01    -4.27       -29.56     0.08    -4.15     0.142
   -9.26    -4.44    58.32        -9.19    -4.37    58.33     0.103
    3.26    21.39    26.50         3.26    21.46    26.51     0.074
   18.11     0.77   -26.89        18.11     0.77   -26.87     0.018
   -3.41    15.50    10.27        -3.41    15.50    10.27     0.003
   37.12    21.52   -13.96        37.14    21.54   -13.96     0.025
    2.14   -11.17    12.17         2.15   -11.15    12.17     0.016
   21.41    12.70    28.07        21.45    12.70    28.09     0.044
   16.51    15.41   -12.77        16.53    15.39   -12.76     0.026
  -30.42   -19.24   -46.01       -30.41   -19.20   -45.95     0.074
   -9.75     5.84    41.86        -9.85     5.86    41.88     0.096
    7.34    22.75    24.70         7.35    22.71    24.70     0.043
   30.87    26.22    -1.23        30.87    26.22    -1.23     0.001
  -10.24    23.92    24.54       -10.24    23.97    24.54     0.049
   37.18    -2.38   -13.66        37.16    -2.34   -13.66     0.039
    8.73    12.54   -12.73         8.72    12.60   -12.75     0.060
   38.05    -1.61   -11.35        38.05    -1.62   -11.35     0.007
  -43.02   -15.95   -20.93       -42.89   -15.94   -20.93     0.131
   18.75     7.05    36.16        18.81     7.04    36.18     0.064
   11.68    26.64    13.73        11.71    26.44    13.69     0.207
   16.87   -19.21   -12.27        16.81   -19.31   -12.34     0.134
   30.32    27.46   -10.18        30.32    27.47   -10.17     0.008
   29.00    -6.54   -27.44        28.96    -6.49   -27.39     0.075
   18.27     6.88    39.00        18.23     6.88    38.99     0.041
  -42.88   -16.56   -25.26       -42.89   -16.56   -25.26     0.010
   36.02     3.13     6.69        36.00     3.13     6.67     0.022
    9.44   -18.95    -3.90         9.43   -18.96    -3.90     0.013
   -8.12    13.29   -18.62        -8.10    13.33   -18.62     0.039
    3.40     7.74   -21.63         3.33     7.68   -21.56     0.118
  -13.12   -16.58   -45.32       -13.11   -16.58   -45.33     0.014
  -22.23   -16.53     0.05       -22.23   -16.53     0.00     0.047
  -15.16    12.77   -36.01       -15.18    12.78   -36.04     0.039
  -13.77     1.50   -44.18       -13.76     1.51   -44.21     0.036
  -14.57   -22.49    -2.66       -14.59   -22.45    -2.73     0.088
  -39.06   -24.12   -28.91       -39.05   -24.11   -28.91     0.005
  -20.82    -8.98    -0.40       -20.84    -8.97    -0.49     0.093
  -34.20     9.62   -10.75       -34.21     9.63   -10.74     0.016
  -10.80     3.78    54.27       -10.61     3.79    54.26     0.189
   26.13    -4.49     4.17        26.13    -4.55     4.19     0.064
    3.04     0.34   -25.45         3.03     0.34   -25.44     0.017
  -42.38    -6.38   -36.09       -42.43    -6.37   -36.10     0.046
    1.49    -9.87    25.74         1.49    -9.66    25.73     0.217
  -36.48   -19.11   -41.03       -36.48   -19.11   -41.03     0.007
   16.21     8.88    49.49        16.23     8.88    49.49     0.015
    3.45    22.09    23.15         3.47    21.95    23.14     0.133
    8.41    23.50    22.79         8.37    23.58    22.81     0.097
    1.64   -11.48    15.82         1.61   -11.52    15.81     0.051
   14.12    -9.75    15.83        14.10    -9.73    15.82     0.025
    0.96    -9.05    43.44         0.98    -8.96    43.44     0.090
   10.85    20.40    51.17        11.05    20.44    51.22     0.215
    5.53    17.49    47.78         5.53    17.48    47.78     0.013
   14.68    -8.18    15.89        14.67    -8.17    15.89     0.010
   15.76    24.47    21.40        15.76    24.41    21.38     0.070
   11.56    17.63    52.34        11.40    17.58    52.30     0.173
  -44.02    -5.02   -12.04       -44.09    -5.02   -12.04     0.076
    5.84    18.60     1.05         5.89    18.57     1.07     0.059
   -9.81    -0.26    51.57        -9.89    -0.26    51.55     0.078
    2.52    13.46    -1.26         2.52    13.47    -1.26     0.018
   37.64     6.51     6.86        37.68     6.49     6.89     0.049
   -6.14     2.24   -33.83        -6.21     2.12   -33.70     0.195
  -17.17   -18.54    -0.87       -17.20   -18.56    -0.96     0.097
   22.21    19.31    24.93        22.13    19.29    24.88     0.099
  -18.67   -32.73   -10.75       -18.66   -32.75   -10.73     0.025
   -3.63   -23.85    -2.33        -3.62   -23.83    -2.31     0.028
   -8.81   -29.78    -9.50        -8.80   -29.81    -9.49     0.036
   17.29    15.44    39.18        17.34    15.44    39.19     0.057
   26.64    17.70    18.52        26.57    17.68    18.45     0.096
   15.26    29.42    -7.15        15.32    29.38    -7.13     0.074
   -2.39    13.70    51.45        -2.35    13.63    51.44     0.080
   10.38   -12.30    16.76        10.36   -12.28    16.75     0.028
  -24.71    -1.35   -46.52       -24.71    -1.35   -46.52     0.007
  -13.15    12.78   -15.64       -13.15    12.86   -15.61     0.081
   16.78   -10.85    10.51        16.67   -10.79    10.45     0.143
   36.22    -2.94   -11.82        36.17    -2.90   -11.82     0.065
   -7.18    23.15    30.57        -7.20    23.22    30.57     0.069
   22.26    24.57    16.92        22.21    24.49    16.88     0.105
   25.65   -14.94    -3.88        25.68   -14.95    -3.84     0.051
    2.67   -22.41   -30.53         2.67   -22.40   -30.53     0.008
  -28.18   -27.54    -3.60       -28.18   -27.53    -3.62     0.023
   -5.38    23.78    27.47        -5.37    23.80    27.47     0.016
  -19.35    -0.72    -0.90       -19.34    -0.73    -0.92     0.024
  -14.59    20.97    15.10       -14.56    20.92    15.15     0.083
  -10.46     5.98    14.53       -10.36     5.98    14.53     0.094
   18.47    21.05    34.42        18.42    21.04    34.41     0.049
    2.92   -10.59    58.12         2.89   -10.84    58.09     0.256
   -6.01   -17.19    -0.76        -6.01   -17.18    -0.78     0.023
  -36.88   -12.75   -44.66       -36.89   -12.76   -44.69     0.033
    2.59    11.24   -16.29         2.60    11.27   -16.30     0.027
  -21.97   -13.19     0.19       -21.97   -13.18     0.19     0.005
   -8.60   -19.57    -3.33        -8.58   -19.57    -3.39     0.058
   15.76     4.47    58.27        15.76     4.47    58.27     0.001
   -4.43    -5.33    29.01        -4.25    -5.19    29.02     0.230
   31.63    -9.99   -12.66        31.70    -9.96   -12.63     0.076
  -33.21   -27.35   -35.92       -33.23   -27.36   -35.93     0.028
   -1.87   -10.20    10.68        -1.97   -10.34    10.80     0.212
   10.42    27.49     4.61        10.36    27.54     4.59     0.082
   13.13    29.34     7.01        13.15    29.31     7.01     0.038
   -9.53     2.68    35.22        -9.36     2.71    35.24     0.178
   -2.61    -8.41    50.55        -2.62    -8.43    50.55     0.025
  -26.48   -20.70    -0.30       -26.48   -20.70    -0.34     0.036
   -1.74   -25.69    -8.09        -1.73   -25.78    -8.08     0.085
   37.39    21.75   -15.36        37.42    21.78   -15.37     0.039
    0.52    -0.50   -26.78         0.59    -0.48   -26.85     0.100
  -29.27   -27.47   -38.91       -29.25   -27.44   -38.87     0.048
  -27.43   -20.91   -45.63       -27.43   -20.91   -45.63     0.004
  -11.53   -23.82    -3.77       -11.54   -23.85    -3.71     0.066
  -20.95    -3.47    -0.96       -20.92    -3.50    -1.03     0.074
  -10.14    14.80   -24.98       -10.26    14.74   -24.94     0.141
   15.72    28.20    10.99        15.71    28.25    11.02     0.053
  -24.58     9.43   -11.44       -24.58     9.44   -11.43     0.017
    7.76   -14.59    12.65         7.75   -14.68    12.68     0.095
   -9.59    -0.42    16.91        -9.58    -0.42    16.91     0.015
   12.54   -16.96     3.18        12.53   -16.92     3.16     0.045
   -0.79    17.82     6.47        -0.76    17.77     6.49     0.054
  -11.65   -18.64    -1.69       -11.63   -18.66    -1.66     0.033
   21.01    -8.56   -24.65        21.07    -8.53   -24.61     0.085
   -5.39   -28.96   -20.82        -5.41   -28.93   -20.82     0.037
  -15.13    13.07    16.42       -15.09    13.12    16.46     0.077
    9.64    15.26    -5.35         9.69    15.25    -5.31     0.071
  -26.53     2.27   -43.98       -26.53     2.28   -43.99     0.020
  -19.00   -30.33   -36.43       -18.93   -30.50   -36.52     0.203
   33.58    20.74     3.37        33.60    20.76     3.38     0.031
   22.59    31.69   -24.03        22.59    31.75   -24.04     0.061
   21.91    28.07   -31.87        21.87    28.02   -31.82     0.082
  -39.57   -12.83   -42.41       -39.61   -12.85   -42.45     0.056
    2.79    16.42    43.43         2.80    16.39    43.42     0.026
   -2.99    -7.49    61.60        -2.99    -7.49    61.61     0.015
   -6.91    -1.87    28.01        -6.84    -1.82    28.01     0.079
   -7.59     7.96    59.88        -7.59     7.96    59.87     0.009
  -24.88   -31.54   -35.08       -24.88   -31.47   -35.03     0.090
   -0.01    -8.95    61.22        -0.01    -8.96    61.23     0.014
  -25.55   -11.10     0.01       -25.54   -11.09     0.08     0.067
  -21.20    17.33   -17.07       -21.22    17.35   -17.02     0.051
    7.56   -16.48     1.27         7.57   -16.47     1.26     0.012
    8.33     9.62    61.78         8.33     9.62    61.73     0.053
   37.65    14.96   -26.77        37.68    14.97   -26.78     0.037
  -35.80   -27.37   -11.49       -35.78   -27.35   -11.50     0.026
    2.47   -22.58    -7.03         2.46   -22.55    -7.04     0.027
   11.99    -1.90    59.38        11.97    -1.87    59.34     0.053
   17.17     1.59   -27.09        17.18     1.60   -27.04     0.050
    9.37   -16.66   -19.63         9.28   -16.62   -19.59     0.111
    0.92    10.08    61.58         0.92    10.08    61.56     0.018
  -15.91   -33.24   -29.56       -15.90   -33.28   -29.57     0.042
    6.35    23.79    15.50         6.32    23.85    15.51     0.063
  -23.10   -35.28   -25.68       -23.10   -35.26   -25.67     0.021
    9.80    -7.06   -23.55         9.76    -7.04   -23.49     0.080
   17.96    -4.02    20.70        17.99    -4.06    20.71     0.060
  -42.44    -7.11   -38.46       -42.32    -7.15   -38.40     0.149
   -1.55    21.70    29.53        -1.53    21.76    29.54     0.058
    4.82   -20.27   -26.42         4.84   -20.28   -26.42     0.029
  -17.01    -1.82     1.18       -17.02    -1.81     1.20     0.019
  -43.46     0.22   -23.59       -43.43     0.23   -23.59     0.037
  -33.18   -24.04   -39.34       -33.18   -24.04   -39.34     0.002
  -10.71     4.93    58.66       -10.54     4.91    58.65     0.172
    7.89    -0.61    60.59         7.88    -0.61    60.55     0.037
  -26.48   -30.43    -8.48       -26.47   -30.48    -8.44     0.057
   27.86    -6.68    -2.50        27.85    -6.67    -2.50     0.016
  -13.31    16.31    34.58       -13.32    16.32    34.61     0.031
    6.98    -8.74    45.30         6.99    -8.78    45.30     0.042
  -19.23   -22.63    -1.90       -19.22   -22.65    -1.85     0.049
  -11.21    10.89    34.47       -11.23    10.90    34.49     0.034
   -7.25    11.09    42.89        -7.26    11.11    42.90     0.030
  -41.65     3.42   -27.08       -41.70     3.45   -27.10     0.060
    1.73   -26.31   -15.72         1.75   -26.33   -15.71     0.030
  -11.60   -32.37   -24.36       -11.63   -32.32   -24.36     0.059
   -2.41    -7.53   -32.40        -2.41    -7.56   -32.45     0.059
  -32.44    11.39   -14.71       -32.43    11.37   -14.71     0.024
    2.81    19.55    31.09         2.81    19.55    31.09     0.004
   17.94    23.13    23.66        17.95    23.18    23.68     0.054
   -3.04    11.30   -17.83        -3.05    11.26   -17.81     0.042
   41.07     6.01   -22.43        41.15     5.99   -22.45     0.081
   -4.83    -4.83    17.80        -4.85    -4.85    17.80     0.020
   -3.15    17.77     8.73        -3.15    17.76     8.73     0.005
   -5.79    20.92    11.72        -5.78    20.91    11.72     0.011
  -16.13   -33.90   -20.28       -16.13   -33.89   -20.28     0.003
  -11.54   -14.25   -44.92       -11.54   -14.26   -44.93     0.004
   -9.62    10.41   -31.34        -9.71    10.37   -31.32     0.091
  -18.32    -2.87   -47.16       -18.30    -2.85   -47.21     0.062
  -34.99    -3.22    -2.55       -35.03    -3.19    -2.49     0.072
  -42.03    -4.45    -6.01       -42.01    -4.46    -6.02     0.027
    1.15   -18.65   -32.74         1.11   -18.67   -32.79     0.062
   31.53    26.57   -12.77        31.63    26.68   -12.76     0.153
  -40.16    -6.29   -41.61       -40.19    -6.28   -41.63     0.037
