400 PA5-E-Debug-Output.txt 6
  143.9563  176.8068  -30.9401   65.3819  -35.0130   -3.4208
  -16.40    -9.98    -5.28       -16.41    -9.99    -5.26     0.024
  -32.19    -1.05   -15.33       -32.15    -1.13   -15.39     0.103
  -18.77   -12.89   -51.77       -18.77   -12.89   -51.73     0.035
    6.51    -4.21    19.31         6.57    -4.30    19.34     0.109
   -0.94   -17.22   -40.12        -1.07   -17.21   -40.08     0.136
   19.01     2.98   -28.63        18.99     2.98   -28.67     0.046
  -22.75    10.91   -22.84       -22.75    10.89   -22.84     0.022
   27.95    16.24     5.08        27.92    16.19     5.08     0.058
  -38.23   -20.52   -26.75       -38.21   -20.51   -26.75     0.025
    0.87    12.33    -0.88         0.86    12.35    -0.88     0.018
  -14.12     3.31   -46.50       -14.12     3.31   -46.49     0.008
  -26.29   -27.38   -41.11       -26.26   -27.32   -41.07     0.081
   -5.05     6.95    68.62        -4.94     7.01    68.62     0.125
    1.60    -0.07    47.66         1.63     0.03    47.66     0.110
    3.23    -1.29    72.69         3.26    -1.24    72.67     0.059
   27.05    -8.32   -28.31        27.06    -8.24   -28.26     0.090
   -7.01   -23.61   -20.66        -7.00   -23.63   -20.61     0.058
  -10.50     4.90    -0.00       -10.50     4.91    -0.01     0.008
  -10.35     9.18   -30.31       -10.37     9.14   -30.31     0.049
  -26.68   -28.10   -18.84       -26.64   -28.07   -18.86     0.054
  -27.64     9.17   -34.12       -27.67     9.24   -34.14     0.077
   17.97    18.88    30.25        18.08    19.02    30.28     0.175
   27.85     2.72    18.93        27.97     2.73    18.97     0.121
   15.20   -13.12   -23.87        15.22   -13.07   -23.84     0.054
   -1.43    -9.30   -40.81        -1.46    -9.32   -40.80     0.043
   -4.64    12.31    67.03        -4.53    12.26    67.04     0.114
  -33.96   -12.33   -14.25       -33.85   -12.29   -14.32     0.135
  -27.80   -10.22   -10.61       -27.95   -10.09   -10.55     0.211
  -23.89     5.12   -17.35       -23.89     5.12   -17.44     0.093
   -4.01     2.86    50.66        -4.07     2.87    50.67     0.060
  -16.98     7.80   -43.11       -16.98     7.85   -43.14     0.052
    0.57    20.33    42.30         0.57    20.20    42.27     0.133
    5.33    -5.18   -26.10         5.28    -5.21   -26.03     0.090
   18.22    20.08    45.81        18.25    20.10    45.82     0.039
   -6.83    -4.03    11.33        -6.76    -3.91    11.30     0.139
  -30.14   -24.65   -18.45       -30.20   -24.75   -18.40     0.132
   12.15    -2.87    38.48        12.17    -2.79    38.48     0.083
    6.99    12.93   -13.49         6.88    12.83   -13.45     0.153
   14.82    22.17    67.65        14.82    22.27    67.65     0.098
   19.68    18.66    20.44        19.75    18.76    20.46     0.120
   -4.39     6.92    -8.85        -4.38     6.86    -8.85     0.057
   14.52    22.06     0.34        14.52    22.09     0.34     0.029
  -25.23     8.16   -39.75       -25.24     8.17   -39.76     0.010
   35.06     8.35     2.16        34.97     8.36     2.09     0.117
   -1.61    20.02    43.38        -1.61    20.09    43.39     0.065
   -4.08    -6.34     7.52        -4.06    -6.29     7.51     0.061
    7.98     0.08   -18.62         7.98     0.11   -18.63     0.029
   -2.89    -5.86    17.82        -2.96    -5.94    17.83     0.104
   35.73    -1.39    -0.19        35.83    -1.39    -0.21     0.103
   -8.04     8.44    36.84        -8.02     8.50    36.82     0.059
  -22.61   -10.55   -51.33       -22.61   -10.56   -51.33     0.001
  -25.75   -30.86   -28.58       -25.75   -30.88   -28.58     0.021
  -40.20    -3.66   -39.24       -40.23    -3.62   -39.27     0.058
  -26.20   -24.54   -15.47       -26.22   -24.58   -15.43     0.063
  -18.31     9.76   -20.32       -18.31     9.81   -20.26     0.073
   11.41   -15.42   -16.87        11.42   -15.35   -16.86     0.069
    3.47    18.29     6.93         3.44    18.33     6.91     0.054
  -31.32   -19.84   -15.17       -31.35   -19.86   -15.14     0.039
   -7.29    15.65    45.40        -7.36    15.64    45.47     0.098
   27.39    16.93    -0.98        27.41    16.95    -0.99     0.030
  -36.31    -9.83   -16.78       -36.31    -9.83   -16.77     0.005
   -4.92     7.89    -2.96        -4.90     7.87    -2.94     0.037
   -2.38    -1.64    45.67        -2.38    -1.62    45.67     0.017
  -10.51   -25.50   -43.60       -10.51   -25.50   -43.60     0.005
   -7.37     7.74   -22.24        -7.32     7.81   -22.24     0.089
   14.91    22.63    46.17        14.90    22.59    46.18     0.046
  -19.78   -21.98   -11.69       -19.78   -21.95   -11.72     0.042
   -3.35    14.99    13.11        -3.40    15.04    13.08     0.077
  -37.27   -20.73   -38.10       -37.25   -20.66   -38.04     0.092
  -32.59   -18.19   -15.34       -32.57   -18.17   -15.36     0.037
   30.93    -7.60     2.60        30.86    -7.51     2.56     0.120
   27.89    -1.89    16.41        27.94    -1.94    16.45     0.082
   21.63    -5.45    13.65        21.63    -5.53    13.66     0.082
  -22.27     6.81   -42.84       -22.27     6.83   -42.86     0.026
    1.53    -8.87     2.89         1.53    -8.91     2.89     0.041
   -4.49    22.34    32.73        -4.50    22.26    32.72     0.080
   24.98    -5.47   -29.95        24.99    -5.48   -29.97     0.022
  -15.52    19.82    37.11       -15.50    19.80    37.10     0.034
   -5.07   -22.04   -42.07        -5.04   -22.05   -42.09     0.039
   -1.49    16.32    11.50        -1.46    16.25    11.53     0.078
    4.62    -5.03    22.39         4.65    -5.07    22.39     0.043
   33.55     1.18   -19.22        33.53     1.16   -19.21     0.031
   -5.59     9.26    68.10        -5.70     9.26    68.10     0.107
  -15.48    17.96    40.35       -15.41    17.93    40.29     0.092
    3.84    13.94    -4.80         3.77    13.96    -4.81     0.068
   23.77    17.15   -20.27        23.76    17.14   -20.26     0.017
   14.08   -15.70   -16.47        14.08   -15.76   -16.49     0.061
   29.11    14.74    -8.25        29.03    14.67    -8.25     0.098
  -17.12     4.42   -15.52       -17.17     4.49   -15.44     0.118
   -5.14    13.87    51.50        -5.09    13.86    51.49     0.045
  -37.31     1.21   -35.99       -37.30     1.21   -35.99     0.010
   21.65    -0.81    39.46        21.64    -0.80    39.45     0.021
   -5.48    -1.58    22.44        -5.41    -1.55    22.44     0.075
   20.43    20.02     6.78        20.44    20.06     6.79     0.051
   29.73    -8.33    -0.19        29.73    -8.33    -0.19     0.002
   18.81    -8.65    -1.17        18.83    -8.75    -1.13     0.110
   28.30     2.75    18.06        28.27     2.75    18.05     0.033
   -0.52     2.67    72.90        -0.55     2.65    72.96     0.065
    9.49    17.47   -25.82         9.49    17.49   -25.84     0.029
    8.47    21.03    14.72         8.47    21.15    14.75     0.128
  -13.75    10.24   -26.07       -13.74    10.28   -26.07     0.044
  -33.48     2.73   -41.11       -33.40     2.69   -41.04     0.112
   -5.83    -6.64     4.36        -5.83    -6.63     4.35     0.018
  -28.05   -13.49   -48.87       -28.05   -13.50   -48.92     0.049
   22.45   -12.86   -13.92        22.45   -12.88   -13.91     0.022
   17.97    20.08    41.30        18.01    20.11    41.29     0.057
   10.77   -11.31    -0.21        10.78   -11.46    -0.17     0.165
   18.99    19.49    20.99        18.87    19.33    20.96     0.201
   19.55    18.16    28.99        19.49    18.09    28.98     0.094
  -23.00   -19.71   -11.53       -22.99   -19.71   -11.55     0.019
  -40.65   -10.83   -24.75       -40.59   -10.83   -24.78     0.066
   35.81    -1.67     2.34        35.86    -1.67     2.35     0.048
    5.48     3.09   -17.66         5.49     3.12   -17.67     0.034
   14.52   -15.53   -16.77        14.51   -15.67   -16.81     0.149
  -12.40    -3.45   -49.83       -12.40    -3.44   -49.85     0.022
    2.13    -0.65   -25.24         2.12    -0.67   -25.20     0.049
  -10.04   -20.56   -47.84       -10.05   -20.54   -47.82     0.023
    2.30    -6.71    21.18         2.36    -6.80    21.19     0.111
   22.56    13.79    36.34        22.63    13.83    36.35     0.079
   -5.03    -0.99    31.63        -5.09    -1.01    31.64     0.058
  -33.51    -0.61   -43.30       -33.47    -0.65   -43.27     0.064
   18.86     1.10    70.04        18.87     1.09    70.04     0.007
   12.13     2.06   -20.62        12.14     2.06   -20.60     0.020
  -24.92   -22.10   -47.15       -24.91   -22.04   -47.08     0.093
   -4.36     3.41    49.79        -4.12     3.39    49.77     0.250
  -29.41    -8.19   -12.45       -29.41    -8.19   -12.45     0.003
   -3.32     8.39    73.52        -3.33     8.39    73.54     0.024
  -11.45   -19.05   -12.58       -11.41   -19.08   -12.51     0.095
   29.35   -11.80   -24.00        29.38   -11.81   -24.02     0.038
   11.22   -12.71   -23.11        11.22   -12.69   -23.10     0.025
   16.61    14.79   -26.83        16.60    14.78   -26.82     0.018
  -40.15    -1.97   -30.17       -40.14    -1.98   -30.18     0.019
   -5.56    14.83    49.21        -5.56    14.83    49.21     0.001
   34.54    11.33     1.16        34.54    11.33     1.16     0.006
    8.09    21.11     9.36         8.07    21.25     9.36     0.142
   26.29    -4.36    14.60        26.27    -4.33    14.59     0.032
   11.60    22.05    61.41        11.60    22.09    61.41     0.039
  -22.73   -28.80   -41.09       -22.71   -28.76   -41.07     0.045
   16.58    -3.20    48.34        16.57    -2.99    48.33     0.211
  -26.14     8.98   -19.97       -26.13     8.96   -19.98     0.021
   -4.58     9.67     1.17        -4.59     9.68     1.17     0.013
  -23.46   -31.20   -25.98       -23.43   -31.09   -26.01     0.114
   19.36    19.11    20.37        19.34    19.08    20.36     0.033
   22.17    10.76    70.80        21.99    10.77    70.78     0.186
  -21.55     6.97   -42.85       -21.55     6.96   -42.84     0.013
   -0.06    13.87     5.02        -0.03    13.83     5.04     0.059
   17.53    -4.94    17.19        17.53    -4.95    17.19     0.004
   -6.44   -20.42   -17.23        -6.43   -20.43   -17.22     0.015
  -13.66     9.09   -20.08       -13.66     8.99   -20.12     0.107
  -16.67    13.78    27.72       -16.75    13.76    27.67     0.094
   -5.87    21.22    24.14        -5.84    21.12    24.18     0.117
  -13.56   -19.77   -48.93       -13.55   -19.77   -48.96     0.027
    5.82    11.33    -8.05         5.81    11.29    -8.00     0.057
   13.94    -7.65   -30.26        13.95    -7.65   -30.26     0.011
   12.49     7.89    72.74        12.52     7.87    72.70     0.049
  -28.02   -29.90   -28.61       -28.03   -29.91   -28.61     0.011
  -37.88   -17.48   -22.31       -37.93   -17.52   -22.28     0.076
   12.36    -3.00    66.68        12.35    -2.94    66.67     0.058
    8.82   -13.05    -6.10         8.82   -13.07    -6.10     0.022
    3.25    -1.70    40.15         3.21    -1.58    40.13     0.129
   25.31     4.76    31.21        25.41     4.76    31.22     0.100
   37.39     6.18    -2.64        37.32     6.16    -2.64     0.076
   20.56     2.88   -29.45        20.55     2.89   -29.48     0.037
  -11.83    14.15    22.67       -11.95    14.21    22.54     0.190
   -9.95    17.52    22.11       -10.01    17.55    22.01     0.119
  -33.21     3.24   -39.76       -33.30     3.34   -39.81     0.145
  -42.39   -17.72   -37.23       -42.43   -17.76   -37.22     0.056
    3.45    -5.06   -26.56         3.43    -5.05   -26.49     0.075
   19.82    21.45     1.74        19.80    21.42     1.74     0.041
   14.55    22.30    -0.99        14.57    22.21    -1.00     0.090
   -9.19   -27.10   -22.16        -9.20   -27.08   -22.17     0.029
   14.86    19.53   -23.60        14.84    19.52   -23.54     0.060
    2.95    14.86     0.07         3.04    14.85     0.09     0.093
   18.16    15.06   -25.65        18.16    15.06   -25.65     0.003
    0.85   -15.87   -30.10         0.86   -15.87   -30.11     0.012
  -29.17    -7.60   -48.84       -29.16    -7.60   -48.82     0.029
    5.26    19.67     5.28         5.24    19.72     5.27     0.055
  -28.79     1.84   -15.39       -28.79     1.89   -15.35     0.066
   34.02     3.86   -16.84        33.98     3.82   -16.79     0.079
    5.46     8.68    -9.85         5.46     8.69    -9.86     0.017
   -8.01   -10.57   -49.49        -8.01   -10.57   -49.48     0.009
   34.17    11.19    -0.34        34.28    11.26    -0.38     0.142
  -25.96   -16.09   -49.38       -25.96   -16.09   -49.38     0.007
  -15.57   -23.33   -14.35       -15.59   -23.30   -14.39     0.055
   -4.74    -1.83    33.79        -4.72    -1.83    33.79     0.025
   -1.34    16.44    11.46        -1.28    16.33    11.51     0.137
   34.36     4.71   -16.26        34.33     4.68   -16.19     0.082
   -4.44     6.14    52.15        -4.56     6.10    52.15     0.123
  -31.83     6.37   -22.72       -31.83     6.37   -22.71     0.004
   18.22    -5.12    17.33        18.22    -5.02    17.31     0.098
   14.42    21.64    10.20        14.40    21.54    10.19     0.101
  -11.35    -3.96     4.38       -11.25    -3.91     4.33     0.121
   -1.25     1.89    56.72        -1.32     1.75    56.82     0.182
   15.94    -7.03     5.76        15.96    -7.09     5.79     0.075
  -25.42   -14.91   -49.27       -25.43   -14.91   -49.32     0.049
   27.75    -5.04   -30.17        27.75    -5.04   -30.16     0.013
    0.79    19.64    53.05         0.84    19.43    53.04     0.217
   11.62    -0.79   -21.60        11.63    -0.85   -21.57     0.073
   -0.67    21.56    30.80        -0.66    21.60    30.80     0.045
   -5.20     8.27    70.48        -5.25     8.23    70.49     0.058
  -26.34   -17.51   -49.20       -26.34   -17.51   -49.21     0.018
   30.19     5.19    12.19        30.20     5.20    12.19     0.012
    1.51    13.80     2.36         1.51    13.80     2.36     0.004
    7.91    -3.19    25.20         7.91    -3.22    25.21     0.030
   16.60    22.00    56.68        16.51    21.77    56.66     0.250
    6.18    -3.13   -23.59         6.19    -3.12   -23.60     0.013
   17.95    -0.35    66.22        17.92    -0.32    66.22     0.048
   18.87    -0.61   -28.57        18.86    -0.61   -28.59     0.026
   14.01     8.99   -29.29        14.01     9.01   -29.28     0.028
   -7.23    -7.40     1.99        -7.24    -7.56     2.05     0.169
  -33.08   -17.87   -15.59       -33.05   -17.86   -15.60     0.033
   -4.99     8.09    72.22        -4.87     8.20    72.19     0.166
   19.64    -0.41    52.31        19.63    -0.40    52.31     0.019
   26.74    13.89   -18.15        26.73    13.89   -18.15     0.007
  -17.51   -30.38   -21.17       -17.49   -30.42   -21.15     0.050
  -18.39    -8.79    -5.57       -18.40    -8.79    -5.55     0.015
   -4.01     5.67    66.69        -4.10     5.59    66.70     0.128
  -40.71    -1.39   -34.51       -40.70    -1.39   -34.51     0.005
   -1.48    -9.62    -1.67        -1.48    -9.63    -1.67     0.002
   23.29    12.16    50.31        23.29    12.16    50.31     0.001
   19.17    19.54    61.26        19.04    19.43    61.25     0.172
    4.12    16.36    -3.12         4.13    16.36    -3.12     0.010
    3.43    11.77    73.02         3.43    11.77    73.02     0.001
   17.20    19.78    19.59        17.21    19.82    19.58     0.045
   13.69   -16.50   -13.55        13.69   -16.49   -13.54     0.012
  -20.58   -24.52   -14.02       -20.59   -24.56   -13.98     0.059
   -2.17    19.31    48.98        -2.16    19.21    48.96     0.105
  -14.42    16.36    41.81       -14.47    16.39    41.87     0.087
   25.40    18.34     4.55        25.41    18.35     4.55     0.013
  -34.34    -2.03   -16.34       -34.34    -2.03   -16.34     0.003
   27.58    16.37    -4.58        27.60    16.41    -4.58     0.037
  -14.01     3.73   -10.83       -13.96     3.56   -10.88     0.184
  -38.84     0.38   -29.95       -38.83     0.36   -29.95     0.019
  -11.84     9.88   -29.77       -11.86     9.81   -29.76     0.073
  -36.67    -4.16   -19.57       -36.65    -4.16   -19.58     0.019
   21.96    19.75    -8.60        21.99    19.81    -8.61     0.061
   30.49    -0.51   -27.96        30.44    -0.52   -27.93     0.063
   24.22     8.50    42.05        24.22     8.50    42.05     0.008
  -32.07   -16.23   -13.40       -32.02   -16.19   -13.47     0.100
  -29.55   -24.87   -18.11       -29.60   -24.95   -18.08     0.096
  -29.57     1.88   -15.33       -29.52     1.85   -15.37     0.065
    4.03    14.85    -4.35         3.90    14.88    -4.37     0.138
   22.79    11.55    60.53        22.49    11.52    60.52     0.308
   22.22     9.88    66.69        22.14     9.89    66.69     0.073
   24.94    -4.92    14.88        24.95    -4.94    14.89     0.030
   20.16    -2.35    39.09        20.16    -2.36    39.09     0.008
    2.74    -6.23    21.57         2.86    -6.39    21.59     0.202
  -24.72   -12.59   -49.55       -24.74   -12.60   -49.61     0.068
   11.04   -10.39   -24.94        11.04   -10.39   -24.94     0.004
   22.60    18.93   -15.60        22.60    18.92   -15.60     0.014
    1.24   -16.09   -12.68         1.24   -16.00   -12.72     0.097
   -4.58     3.46    43.62        -4.54     3.45    43.62     0.039
  -36.43   -20.19   -22.77       -36.45   -20.22   -22.76     0.039
    4.41    20.65    27.91         4.42    20.70    27.91     0.057
   36.07    -1.39     0.63        36.00    -1.38     0.65     0.074
    9.56    13.53    71.99         9.56    13.55    72.05     0.065
    5.07    -8.58    11.78         5.05    -8.55    11.76     0.048
  -39.57    -3.54   -25.93       -39.57    -3.54   -25.93     0.006
   27.40     5.65    20.93        27.21     5.59    20.89     0.203
   -0.47     1.12    55.42        -0.50     1.06    55.43     0.070
   10.56     6.05    72.91        10.56     6.05    72.89     0.020
    5.30     7.55   -10.92         5.31     7.67   -11.02     0.155
  -35.19    -2.75   -17.45       -35.15    -2.75   -17.47     0.038
  -25.14    10.01   -21.83       -25.15    10.01   -21.83     0.006
    3.79    -0.86   -23.67         3.79    -0.86   -23.67     0.001
   10.14     7.67    71.97        10.14     7.64    71.93     0.044
   31.23     1.43   -24.20        31.09     1.35   -24.16     0.156
   -4.05   -22.01   -40.75        -4.02   -22.04   -40.77     0.041
   15.91     9.60    73.47        15.91     9.59    73.40     0.069
   15.48     0.06   -25.50        15.46     0.05   -25.52     0.030
  -15.25   -20.68   -49.14       -15.25   -20.68   -49.11     0.034
  -11.71   -18.96   -12.32       -11.68   -18.98   -12.27     0.064
   27.82    -3.67    13.25        27.84    -3.69    13.25     0.026
   -7.52   -25.95   -40.69        -7.56   -25.91   -40.67     0.059
   -2.16    21.62    33.66        -2.16    21.62    33.66     0.002
   -3.21   -22.22   -37.81        -3.25   -22.20   -37.81     0.046
  -19.19   -12.53   -51.71       -19.19   -12.53   -51.70     0.004
   21.42     5.02    65.41        21.41     5.02    65.41     0.012
  -37.23   -16.32   -20.12       -37.19   -16.30   -20.15     0.058
   20.51   -10.98    -7.52        20.48   -10.89    -7.58     0.103
  -25.30   -29.55   -21.95       -25.28   -29.51   -21.95     0.046
   -4.33    -4.17    20.31        -4.30    -4.15    20.31     0.030
    6.98   -11.59   -24.98         6.98   -11.60   -24.99     0.014
   10.44    20.35    19.21        10.46    20.46    19.22     0.112
    0.16     5.27   -16.97         0.18     5.38   -17.00     0.112
   15.11    16.05   -25.45        15.14    16.13   -25.53     0.117
  -36.55    -4.83   -18.95       -36.50    -4.84   -18.99     0.068
  -27.65   -27.56   -39.77       -27.63   -27.52   -39.74     0.057
  -16.70    12.72    28.19       -16.78    12.70    28.13     0.096
  -27.58    -6.31   -12.26       -27.60    -6.31   -12.24     0.031
   -3.61    13.86    67.04        -3.68    13.90    67.03     0.084
  -30.71   -12.17   -11.06       -30.72   -12.17   -11.05     0.014
  -27.53   -23.85   -15.68       -27.52   -23.84   -15.69     0.019
    9.99    -4.15    18.42        10.00    -4.12    18.41     0.034
    8.93    -3.06    24.35         8.94    -3.14    24.35     0.087
  -10.80   -26.82   -19.37       -10.79   -26.83   -19.37     0.005
  -43.73    -6.31   -35.28       -43.78    -6.30   -35.27     0.055
   -0.02   -10.70   -37.15         0.08   -10.68   -37.16     0.098
   26.00     2.71    27.31        26.05     2.71    27.32     0.052
   -0.72    -7.19    21.83        -0.69    -7.12    21.83     0.079
   -5.51   -13.54    -8.49        -5.51   -13.52    -8.50     0.021
  -13.64    10.16   -23.31       -13.66    10.10   -23.32     0.061
   11.31    -6.06   -26.46        11.29    -6.03   -26.51     0.068
   29.55    13.31     7.46        29.54    13.30     7.45     0.019
   11.62    -3.10    62.37        11.62    -3.02    62.37     0.084
    7.74    10.47    73.11         7.74    10.47    73.12     0.011
   16.00    -0.07    73.51        16.04    -0.12    73.59     0.103
    0.29   -13.94   -33.74         0.43   -13.93   -33.76     0.141
  -21.70   -28.46   -17.77       -21.70   -28.45   -17.79     0.021
   -3.69    20.51    21.23        -3.69    20.59    21.21     0.084
  -31.16   -12.17   -11.24       -31.14   -12.16   -11.26     0.030
  -43.28   -14.17   -35.82       -43.35   -14.18   -35.80     0.070
   -7.60    -7.64   -48.99        -7.60    -7.63   -49.00     0.018
   27.77    -0.07   -31.43        27.77    -0.06   -31.43     0.007
   18.52    -3.84    30.92        18.52    -3.78    30.91     0.062
   -1.50    -8.80     1.13        -1.49    -8.71     1.11     0.086
   31.26    12.51   -10.32        31.23    12.45   -10.34     0.077
   20.02    17.17    36.58        20.12    17.24    36.57     0.122
  -17.66     1.69   -47.78       -17.68     1.76   -47.83     0.085
  -38.44   -19.05   -25.07       -38.43   -19.04   -25.07     0.005
  -30.82   -15.61   -46.96       -30.83   -15.59   -46.94     0.029
   24.09    19.72    -1.70        24.02    19.58    -1.71     0.154
  -17.83   -26.09   -15.35       -17.81   -26.13   -15.30     0.068
   34.94    -4.08     1.75        35.08    -4.19     1.81     0.185
   19.70    17.70    35.91        19.76    17.74    35.91     0.078
  -25.38   -10.95   -49.84       -25.38   -10.95   -49.86     0.019
   34.65     9.34    -5.98        34.75     9.45    -6.02     0.150
   -0.95    21.59    31.81        -0.96    21.56    31.80     0.036
   30.71     1.74    12.80        30.76     1.75    12.83     0.056
    4.42   -11.62   -25.59         4.28   -11.54   -25.46     0.210
    1.22   -11.36    -4.84         1.21   -11.40    -4.82     0.048
  -42.83    -7.12   -38.13       -42.84    -7.11   -38.15     0.026
   -3.69    13.90    69.68        -3.68    13.89    69.67     0.016
   34.82     0.45   -17.74        34.78     0.44   -17.72     0.053
  -10.09    10.20    15.51       -10.02    10.16    15.53     0.080
   24.86    12.33    16.58        24.89    12.36    16.59     0.041
  -13.43     7.53   -43.05       -13.44     7.50   -43.03     0.040
  -10.82   -25.76   -43.40       -10.81   -25.79   -43.42     0.039
   -4.93   -22.80   -22.14        -4.93   -22.81   -22.13     0.007
   26.54    17.34     3.69        26.62    17.42     3.70     0.114
   -5.42     6.84    38.51        -5.47     6.80    38.52     0.071
   -0.53    21.16    24.04        -0.54    21.27    24.02     0.105
   14.59    20.54    13.91        14.57    20.47    13.89     0.083
    0.15     2.56   -23.69         0.14     2.53   -23.67     0.033
    7.62    13.92    72.31         7.62    13.91    72.28     0.024
   16.56    -6.44     8.25        16.55    -6.50     8.26     0.057
    5.05   -15.77   -20.86         5.05   -15.78   -20.86     0.007
   10.13    -1.75    73.36        10.13    -1.75    73.35     0.011
    0.11   -12.88   -37.45         0.09   -12.88   -37.45     0.021
   21.30     4.01    62.89        21.29     4.02    62.89     0.015
   -8.26   -20.79   -14.69        -8.25   -20.81   -14.66     0.041
  -29.11   -28.66   -26.02       -29.12   -28.67   -26.02     0.013
    0.37    -7.75    15.20         0.29    -7.89    15.22     0.162
  -23.70   -15.33   -49.86       -23.72   -15.33   -49.91     0.051
  -42.49    -4.93   -37.71       -42.38    -4.98   -37.58     0.177
   32.14    -6.49    -9.99        32.17    -6.51    -9.99     0.035
  -18.20   -17.24    -7.97       -18.20   -17.27    -7.93     0.047
   -1.97   -11.96    -5.87        -1.97   -11.93    -5.90     0.037
    4.70   -15.21   -11.48         4.70   -15.19   -11.48     0.023
  -14.99     0.89   -48.91       -14.99     0.90   -48.92     0.018
  -13.86    14.46    42.04       -13.85    14.47    42.02     0.020
   16.77    -3.68   -26.75        16.78    -3.69   -26.73     0.024
    7.15    21.33    11.41         7.16    21.26    11.41     0.072
   16.03   -10.82    -3.44        16.01   -10.78    -3.45     0.043
   -7.62     6.81   -36.19        -7.61     6.82   -36.19     0.012
   15.00     0.65    74.18        14.99     0.65    74.22     0.040
   24.03     6.70    43.32        24.11     6.68    43.33     0.087
   -1.52     2.29    61.41        -1.45     2.36    61.40     0.106
  -42.51   -13.65   -32.09       -42.66   -13.68   -32.06     0.157
   -7.36    -5.28   -47.78        -7.31    -5.25   -47.84     0.084
    8.47    20.91    44.59         8.47    20.92    44.59     0.006
  -30.82   -24.76   -19.25       -30.79   -24.73   -19.27     0.047
   23.96     4.65    42.43        23.93     4.65    42.43     0.026
   16.05    -8.00   -31.21        16.05    -8.02   -31.21     0.019
  -29.03    -0.25   -13.97       -29.02    -0.25   -13.97     0.005
   -3.34   -22.53   -36.04        -3.30   -22.57   -36.04     0.054
   -2.84    14.92    70.50        -2.74    14.84    70.48     0.129
   20.85    19.93   -12.64        20.89    20.00   -12.64     0.084
  -28.92    -7.15   -12.51       -28.91    -7.16   -12.54     0.029
  -28.78   -26.18   -18.82       -28.78   -26.18   -18.82     0.006
   -5.58    -2.77    17.06        -5.45    -2.73    17.04     0.130
  -28.07   -28.56   -21.93       -28.01   -28.45   -21.98     0.129
   17.77    20.22    67.55        17.92    20.44    67.54     0.263
   25.06     8.55    33.27        24.93     8.53    33.25     0.138
   36.31     8.56    -1.79        36.26     8.52    -1.79     0.059
   -0.99    10.27    -3.57        -0.98    10.26    -3.57     0.007
    2.03    -4.87   -27.14         2.02    -4.87   -27.10     0.040
  -28.53   -24.31   -16.82       -28.54   -24.32   -16.80     0.027
   10.26    -0.07    73.20        10.26    -0.07    73.18     0.016
    9.53    -1.21    73.16         9.53    -1.20    73.22     0.053
   -9.87     5.82     2.46        -9.90     5.86     2.46     0.044
   -2.42    -9.22   -43.84        -2.41    -9.22   -43.85     0.013
  -32.70     5.94   -35.17       -32.71     5.96   -35.17     0.016
  -36.53   -12.07   -43.88       -36.51   -12.06   -43.87     0.024
  -14.34   -22.43   -13.95       -14.34   -22.43   -13.95     0.001
  -32.62   -25.75   -35.81       -32.68   -25.82   -35.84     0.097
  -13.13     9.64   -34.94       -13.09     9.80   -34.96     0.161
   -5.03     7.42    65.68        -4.91     7.46    65.70     0.125
   24.34    11.15    31.77        24.27    11.12    31.76     0.076
   -5.35   -21.20   -43.29        -5.37   -21.19   -43.27     0.025
