150 PA5-D-Debug-Output.txt 6
 -138.4117 -148.0256  -68.8158  -50.2653   59.0879  -38.4857
   14.27    -5.83    46.82        14.26    -5.83    46.82     0.004
  -14.97    13.00   -18.25       -14.97    13.00   -18.25     0.006
   26.16   -10.27   -19.68        26.16   -10.26   -19.68     0.002
   -8.77     5.60    45.34        -8.78     5.60    45.34     0.005
    0.44     0.98   -24.93         0.44     0.98   -24.94     0.003
   -7.52    -4.07    20.72        -7.52    -4.07    20.72     0.000
   38.34    18.58    -9.35        38.33    18.57    -9.35     0.004
  -12.95    18.11    37.27       -12.95    18.11    37.27     0.005
  -38.48     8.28   -22.28       -38.48     8.29   -22.28     0.001
   -6.70    15.05    10.02        -6.70    15.05    10.02     0.005
   -9.20    17.04    41.30        -9.20    17.04    41.31     0.002
  -41.49    -9.07   -32.41       -41.49    -9.06   -32.41     0.003
   -9.00    17.05    14.20        -9.00    17.05    14.20     0.000
   34.22    21.58   -20.47        34.22    21.58   -20.47     0.000
  -22.24    10.80   -13.78       -22.24    10.80   -13.78     0.004
  -41.37    -5.63    -6.32       -41.37    -5.63    -6.32     0.005
    9.71   -11.91    21.05         9.71   -11.91    21.05     0.006
   19.46    -7.12    19.24        19.47    -7.13    19.25     0.013
   -7.05    -4.38    37.93        -7.06    -4.38    37.93     0.008
   22.24    -6.02    17.48        22.24    -6.02    17.48     0.001
  -15.68     1.48     5.02       -15.68     1.48     5.02     0.004
   14.47   -17.95     3.27        14.47   -17.96     3.27     0.007
    0.25   -24.76   -22.20         0.26   -24.76   -22.20     0.006
   -1.72    -6.80   -32.41        -1.72    -6.80   -32.41     0.001
   19.47    21.88    29.40        19.47    21.88    29.40     0.005
   31.99    -4.73   -22.54        31.99    -4.73   -22.54     0.005
   10.22    27.42    -2.59        10.22    27.42    -2.59     0.004
   14.08    24.34   -11.35        14.07    24.34   -11.35     0.005
  -34.27   -28.73   -30.49       -34.27   -28.72   -30.49     0.004
  -37.27     6.70   -12.09       -37.27     6.70   -12.09     0.002
   22.22   -18.29   -12.24        22.22   -18.29   -12.24     0.000
  -38.15   -18.15    -6.88       -38.15   -18.15    -6.88     0.001
  -34.02    10.27   -30.56       -34.01    10.27   -30.56     0.002
   -6.36    22.88    24.28        -6.36    22.88    24.28     0.008
    6.88   -15.83   -19.94         6.88   -15.83   -19.95     0.004
   -6.73    14.30    50.81        -6.73    14.31    50.81     0.003
   33.00    16.40   -27.19        32.99    16.39   -27.18     0.010
   33.01    -0.47   -24.73        33.02    -0.48   -24.73     0.007
    3.95    -1.31   -24.29         3.95    -1.31   -24.29     0.002
    8.62   -18.19   -13.12         8.62   -18.19   -13.12     0.004
  -28.28   -15.77    -3.12       -28.28   -15.77    -3.11     0.002
   20.34     0.74    37.73        20.34     0.74    37.73     0.001
   -0.58    18.04    50.12        -0.58    18.05    50.12     0.001
   34.28    16.79    12.62        34.28    16.79    12.62     0.003
   -1.56    19.78    41.92        -1.56    19.77    41.92     0.009
   -6.28   -19.33    -3.43        -6.28   -19.33    -3.43     0.003
   15.07    31.12     6.54        15.07    31.12     6.53     0.005
   26.35    -8.27   -22.78        26.35    -8.27   -22.77     0.010
   36.00    -4.34   -18.03        35.99    -4.33   -18.03     0.005
   27.89    20.76    17.72        27.89    20.76    17.72     0.004
   -7.03   -11.86   -40.71        -7.03   -11.86   -40.71     0.005
  -22.71   -28.49    -8.10       -22.71   -28.48    -8.11     0.006
  -22.73   -11.25    -1.94       -22.73   -11.25    -1.94     0.000
   -4.88    -4.56   -37.12        -4.88    -4.56   -37.12     0.003
   -3.06    10.45    53.82        -3.06    10.45    53.82     0.001
   -4.23   -25.02   -11.08        -4.23   -25.02   -11.08     0.001
  -16.92     7.95   -39.14       -16.92     7.95   -39.14     0.002
   18.50    20.60    36.89        18.51    20.60    36.89     0.004
    4.08    -4.15    53.69         4.08    -4.15    53.69     0.000
   14.93   -17.98     3.28        14.93   -17.98     3.28     0.001
   21.43     7.09    38.75        21.42     7.09    38.75     0.005
  -10.06     6.05    33.49       -10.07     6.05    33.49     0.002
  -14.06    14.40    38.30       -14.05    14.40    38.30     0.006
  -36.59   -27.80   -16.01       -36.59   -27.80   -16.01     0.005
  -13.81     9.48   -37.40       -13.81     9.48   -37.40     0.000
    2.99   -11.39    33.76         2.99   -11.39    33.76     0.001
   17.30    -3.94    38.77        17.30    -3.94    38.77     0.007
   -8.27     2.95    34.39        -8.27     2.95    34.39     0.003
   32.79    23.83    -0.61        32.79    23.83    -0.61     0.003
  -18.66   -11.03   -48.40       -18.66   -11.03   -48.40     0.001
   30.54    -9.82    -1.59        30.53    -9.82    -1.59     0.006
  -21.44   -25.10   -41.85       -21.44   -25.09   -41.85     0.003
    6.54   -15.70   -20.56         6.53   -15.70   -20.55     0.007
   21.91    14.69   -31.33        21.91    14.69   -31.33     0.001
  -11.89    -5.53    10.42       -11.89    -5.53    10.43     0.002
   27.05     9.54   -32.00        27.05     9.54   -32.00     0.003
  -31.38     8.68   -36.32       -31.38     8.69   -36.32     0.001
  -32.12    11.68   -17.16       -32.12    11.68   -17.16     0.002
   24.72   -17.48     0.39        24.72   -17.47     0.39     0.005
   41.32     9.04   -12.74        41.32     9.04   -12.74     0.000
  -11.99     4.77   -40.01       -11.99     4.77   -40.01     0.002
   11.60    30.50    -0.10        11.60    30.50    -0.10     0.001
   41.10     2.09   -12.16        41.10     2.09   -12.16     0.001
   -4.92    -9.39    18.31        -4.92    -9.39    18.31     0.000
   17.20   -20.27    -2.37        17.20   -20.27    -2.37     0.001
   13.11   -18.96    -0.08        13.11   -18.97    -0.08     0.004
   34.73    -4.87    -8.29        34.73    -4.87    -8.29     0.001
   -9.46   -24.72    -8.45        -9.46   -24.72    -8.45     0.001
  -33.61     8.17   -35.70       -33.62     8.17   -35.70     0.004
   20.07    18.52    35.11        20.06    18.52    35.11     0.003
  -34.15   -30.00   -16.85       -34.16   -30.00   -16.85     0.001
   17.78    24.54   -34.53        17.78    24.54   -34.53     0.001
   -7.85    11.09     2.13        -7.85    11.09     2.13     0.001
   20.92   -12.96   -15.38        20.92   -12.96   -15.38     0.003
  -20.24   -17.51    -2.77       -20.23   -17.51    -2.77     0.003
  -21.42    16.21   -23.73       -21.42    16.21   -23.73     0.000
    8.15    27.71    14.36         8.15    27.71    14.36     0.000
   32.79    -7.10    -7.32        32.79    -7.10    -7.32     0.002
  -26.85     2.42   -43.81       -26.85     2.42   -43.81     0.002
   13.94    22.76    39.94        13.94    22.76    39.94     0.001
  -17.68    15.81    27.23       -17.68    15.80    27.23     0.005
    4.67   -11.30    29.24         4.67   -11.30    29.24     0.004
  -23.53   -19.62   -46.30       -23.53   -19.62   -46.31     0.001
  -41.49   -11.33   -22.49       -41.49   -11.33   -22.49     0.003
   11.95    20.92    52.71        11.95    20.92    52.71     0.000
   12.72    -0.33    51.37        12.72    -0.33    51.37     0.002
   27.59   -14.02    -0.32        27.59   -14.02    -0.32     0.002
   -8.75     9.59    47.59        -8.75     9.59    47.59     0.001
   -5.07    22.59    33.08        -5.07    22.60    33.08     0.011
  -16.63    17.29    18.95       -16.63    17.29    18.96     0.004
   -7.97    18.48    14.17        -7.97    18.48    14.17     0.002
  -15.19    15.01   -22.69       -15.18    15.01   -22.69     0.003
  -14.37    18.63    18.48       -14.37    18.63    18.48     0.004
  -41.74   -14.18   -10.52       -41.74   -14.18   -10.52     0.001
  -21.94    13.31   -32.64       -21.94    13.31   -32.64     0.000
   23.42   -17.82     1.32        23.42   -17.82     1.32     0.003
   12.40     8.59    53.01        12.40     8.59    53.01     0.002
   20.91    -4.04    25.80        20.92    -4.05    25.80     0.012
  -29.02   -14.09   -47.06       -29.02   -14.09   -47.05     0.002
   21.03     8.75    40.93        21.03     8.75    40.93     0.001
   10.30    22.46    33.66        10.30    22.47    33.66     0.015
   15.27    26.03   -17.87        15.26    26.03   -17.87     0.006
  -35.38    10.66   -24.91       -35.38    10.66   -24.91     0.005
  -36.40     9.03   -15.92       -36.40     9.03   -15.92     0.002
    1.21   -23.08   -24.61         1.22   -23.09   -24.61     0.008
   -9.63     5.72    34.44        -9.62     5.73    34.44     0.008
   -8.23     2.42   -36.21        -8.23     2.42   -36.21     0.000
   -0.74   -20.52   -31.56        -0.75   -20.52   -31.55     0.006
    9.85   -10.97    24.60         9.85   -10.97    24.60     0.000
   -8.06    22.74    25.66        -8.06    22.74    25.66     0.003
  -24.34   -31.14   -33.82       -24.34   -31.15   -33.82     0.003
   38.79    14.54   -17.25        38.80    14.54   -17.26     0.007
   36.43    21.02   -10.27        36.43    21.02   -10.27     0.001
  -18.45    -4.22   -48.05       -18.45    -4.22   -48.05     0.003
  -29.10   -10.17   -47.42       -29.10   -10.17   -47.42     0.001
  -18.46   -27.86    -6.85       -18.46   -27.87    -6.84     0.002
   32.04    20.35    13.29        32.04    20.35    13.29     0.002
   31.07     8.88   -31.32        31.07     8.88   -31.32     0.000
  -27.36     3.57    -8.40       -27.36     3.57    -8.40     0.001
   34.88     1.22    13.63        34.88     1.22    13.63     0.002
  -11.01   -10.15   -45.79       -11.01   -10.15   -45.79     0.001
  -16.37    12.05   -35.55       -16.37    12.05   -35.55     0.004
   -5.99    19.75    13.95        -5.99    19.75    13.94     0.004
  -16.75    18.63    23.03       -16.75    18.63    23.03     0.001
  -12.34    16.62    16.11       -12.34    16.62    16.11     0.001
    0.09   -17.62   -31.62         0.09   -17.62   -31.62     0.001
    3.16    19.62    45.40         3.16    19.61    45.40     0.011
  -27.19     2.42    -8.05       -27.19     2.42    -8.05     0.003
   12.11    -7.82    44.78        12.11    -7.82    44.78     0.004
   12.50    24.08    26.96        12.50    24.08    26.96     0.004
