PA4-D-Debug: update moved the points less than motion_tol
  iter   mean_mm    rms_mm    max_mm     eta_mm  inliers   d_rot_deg   d_trans_mm
     1   0.88384   1.14025   3.37170        inf      200    0.685399     0.818086
     2   0.62881   0.80342   2.38494        inf      200    0.534186     0.541145
     3   0.45660   0.57784   1.70061        inf      200    0.420616     0.351941
     4   0.35696   0.45345   1.35309     1.3698      193    0.242993     0.199754
     5   0.28120   0.35666   1.07551     1.0709      193    0.210480     0.147246
     6   0.22408   0.28325   0.86148     0.8436      193    0.179321     0.105627
     7   0.18116   0.22899   0.70206     0.6723      192    0.142931     0.077608
     8   0.14845   0.18768   0.57770     0.5435      192    0.118945     0.057322
     9   0.11836   0.14795   0.44404     0.5000      198    0.121771     0.050416
    10   0.09472   0.11651   0.33344     0.5000      200    0.104137     0.038645
    11   0.07671   0.09327   0.25253     0.5000      200    0.084096     0.027551
    12   0.06266   0.07575   0.20993     0.5000      200    0.068866     0.020153
    13   0.05160   0.06234   0.18251     0.5000      200    0.057089     0.014903
    14   0.04278   0.05184   0.15817     0.5000      200    0.048099     0.011225
    15   0.03576   0.04355   0.13680     0.5000      200    0.040638     0.008592
    16   0.03017   0.03693   0.11821     0.5000      200    0.034535     0.006642
    17   0.02573   0.03156   0.10213     0.5000      200    0.029470     0.005164
    18   0.02205   0.02712   0.08808     0.5000      200    0.025468     0.004114
    19   0.01900   0.02342   0.07592     0.5000      200    0.021986     0.003313
    20   0.01640   0.02028   0.06526     0.5000      200    0.019198     0.002703
    21   0.01422   0.01763   0.05608     0.5000      200    0.016623     0.002195
    22   0.01237   0.01539   0.04817     0.5000      200    0.014409     0.001800
    23   0.01081   0.01350   0.04134     0.5000      200    0.012506     0.001487
    24   0.00950   0.01189   0.03544     0.5000      200    0.010862     0.001238
    25   0.00838   0.01053   0.03075     0.5000      200    0.009439     0.001036
    26   0.00744   0.00938   0.02831     0.5000      200    0.008206     0.000871
    27   0.00666   0.00841   0.02617     0.5000      200    0.007135     0.000737
    28   0.00602   0.00761   0.02430     0.5000      200    0.006206     0.000625
    29   0.00548   0.00693   0.02267     0.5000      200    0.005398     0.000533
    30   0.00503   0.00638   0.02124     0.5000      200    0.004696     0.000455
    31   0.00465   0.00593   0.02000     0.5000      200    0.004086     0.000390
    32   0.00434   0.00556   0.01891     0.5000      200    0.003555     0.000335
    33   0.00410   0.00526   0.01797     0.5000      200    0.003093     0.000288
    34   0.00390   0.00503   0.01738     0.5000      200    0.002691     0.000248
    35   0.00374   0.00485   0.01691     0.5000      200    0.002341     0.000215
    36   0.00363   0.00470   0.01649     0.5000      200    0.002037     0.000186
    37   0.00354   0.00459   0.01613     0.5000      200    0.001773     0.000161
    38   0.00347   0.00450   0.01582     0.5000      200    0.001542     0.000139
    39   0.00342   0.00443   0.01555     0.5000      200    0.001342     0.000121
    40   0.00338   0.00438   0.01531     0.5000      200    0.001168     0.000105
    41   0.00335   0.00434   0.01516     0.5000      200    0.001016     0.000091
    42   0.00333   0.00431   0.01504     0.5000      200    0.000884     0.000079
    43   0.00331   0.00429   0.01494     0.5000      200    0.000769     0.000069
    44   0.00330   0.00427   0.01485     0.5000      200    0.000669     0.000060
    45   0.00330   0.00426   0.01477     0.5000      200    0.000582     0.000052
    46   0.00329   0.00425   0.01470     0.5000      200    0.000507     0.000045
    47   0.00329   0.00424   0.01464     0.5000      200    0.000441     0.000039
    48   0.00329   0.00424   0.01459     0.5000      200    0.000384     0.000034
    49   0.00328   0.00423   0.01455     0.5000      200    0.000334     0.000030
    50   0.00328   0.00423   0.01451     0.5000      200    0.000290     0.000026
    51   0.00328   0.00423   0.01448     0.5000      200    0.000253     0.000023
    52   0.00328   0.00423   0.01445     0.5000      200    0.000220     0.000020
    53   0.00328   0.00422   0.01442     0.5000      200    0.000191     0.000017
    54   0.00328   0.00422   0.01440     0.5000      200    0.000167     0.000015
    55   0.00328   0.00422   0.01438     0.5000      200    0.000145     0.000013
    56   0.00328   0.00422   0.01436     0.5000      200    0.000126     0.000011
    57   0.00328   0.00422   0.01435     0.5000      200    0.000110     0.000010
    58   0.00328   0.00422   0.01434     0.5000      200    0.000095     0.000009
    59   0.00328   0.00422   0.01433     0.5000      200    0.000083     0.000007
    60   0.00328   0.00422   0.01432     0.5000      200    0.000072     0.000006
    61   0.00328   0.00422   0.01431     0.5000      200    0.000063     0.000006
    62   0.00328   0.00422   0.01430     0.5000      200    0.000055     0.000005
    63   0.00329   0.00422   0.01430     0.5000      200    0.000048     0.000004
    64   0.00329   0.00422   0.01429     0.5000      200    0.000041     0.000004
    65   0.00329   0.00422   0.01429     0.5000      200    0.000036     0.000003
    66   0.00329   0.00422   0.01428     0.5000      200    0.000031     0.000003
    67   0.00329   0.00422   0.01428     0.5000      200    0.000027     0.000002
    68   0.00329   0.00422   0.01427     0.5000      200    0.000024     0.000002
    69   0.00329   0.00422   0.01427     0.5000      200    0.000021     0.000002
    70   0.00329   0.00422   0.01427     0.5000      200    0.000018     0.000002
    71   0.00329   0.00422   0.01427     0.5000      200    0.000016     0.000001
    72   0.00329   0.00422   0.01427     0.5000      200    0.000014     0.000001
    73   0.00329   0.00422   0.01426     0.5000      200    0.000012     0.000001
