PA4-B-Debug: update moved the points less than motion_tol
  iter   mean_mm    rms_mm    max_mm     eta_mm  inliers   d_rot_deg   d_trans_mm
     1   0.56148   0.64382   1.20392        inf      200    0.143687     0.598510
     2   0.36975   0.43336   0.85576        inf      200    0.056497     0.371080
     3   0.25383   0.30512   0.63052        inf      200    0.028183     0.238200
     4   0.18064   0.22208   0.50497     0.7615      200    0.026373     0.160606
     5   0.13201   0.16546   0.40530     0.5419      200    0.027284     0.112360
     6   0.09839   0.12533   0.32660     0.5000      200    0.025803     0.081151
     7   0.07506   0.09665   0.26445     0.5000      200    0.022838     0.059277
     8   0.05892   0.07586   0.21556     0.5000      200    0.019336     0.043823
     9   0.04706   0.06051   0.17660     0.5000      200    0.016891     0.032916
    10   0.03813   0.04905   0.14552     0.5000      200    0.014648     0.024942
    11   0.03139   0.04030   0.12051     0.5000      200    0.012817     0.019168
    12   0.02618   0.03353   0.10028     0.5000      200    0.011283     0.014873
    13   0.02206   0.02818   0.08381     0.5000      200    0.009957     0.011697
    14   0.01871   0.02388   0.07031     0.5000      200    0.008791     0.009310
    15   0.01594   0.02037   0.05919     0.5000      200    0.007760     0.007501
    16   0.01366   0.01746   0.04998     0.5000      200    0.006844     0.006112
    17   0.01174   0.01502   0.04228     0.5000      200    0.006069     0.005026
    18   0.01014   0.01297   0.03585     0.5000      200    0.005329     0.004175
    19   0.00880   0.01123   0.03044     0.5000      200    0.004676     0.003494
    20   0.00767   0.00976   0.02588     0.5000      200    0.004100     0.002941
    21   0.00669   0.00850   0.02201     0.5000      200    0.003592     0.002495
    22   0.00586   0.00744   0.01874     0.5000      200    0.003145     0.002117
    23   0.00516   0.00654   0.01595     0.5000      200    0.002752     0.001803
    24   0.00457   0.00577   0.01358     0.5000      200    0.002408     0.001539
    25   0.00408   0.00513   0.01177     0.5000      200    0.002107     0.001317
    26   0.00368   0.00459   0.01023     0.5000      200    0.001843     0.001129
    27   0.00334   0.00414   0.00899     0.5000      200    0.001612     0.000969
    28   0.00306   0.00377   0.00842     0.5000      200    0.001410     0.000833
    29   0.00283   0.00347   0.00807     0.5000      200    0.001233     0.000716
    30   0.00264   0.00322   0.00776     0.5000      200    0.001078     0.000617
    31   0.00250   0.00303   0.00749     0.5000      200    0.000943     0.000532
    32   0.00238   0.00287   0.00725     0.5000      200    0.000825     0.000458
    33   0.00228   0.00274   0.00703     0.5000      200    0.000722     0.000395
    34   0.00220   0.00265   0.00684     0.5000      200    0.000632     0.000341
    35   0.00214   0.00257   0.00668     0.5000      200    0.000553     0.000295
    36   0.00209   0.00251   0.00653     0.5000      200    0.000484     0.000255
    37   0.00206   0.00247   0.00645     0.5000      200    0.000423     0.000220
    38   0.00203   0.00243   0.00645     0.5000      200    0.000370     0.000190
    39   0.00200   0.00241   0.00644     0.5000      200    0.000324     0.000164
    40   0.00198   0.00239   0.00644     0.5000      200    0.000284     0.000142
    41   0.00196   0.00237   0.00643     0.5000      200    0.000248     0.000123
    42   0.00195   0.00236   0.00643     0.5000      200    0.000217     0.000106
    43   0.00194   0.00235   0.00643     0.5000      200    0.000190     0.000092
    44   0.00193   0.00235   0.00642     0.5000      200    0.000166     0.000080
    45   0.00192   0.00234   0.00642     0.5000      200    0.000146     0.000069
    46   0.00192   0.00234   0.00642     0.5000      200    0.000127     0.000060
    47   0.00191   0.00234   0.00642     0.5000      200    0.000111     0.000052
    48   0.00191   0.00233   0.00642     0.5000      200    0.000097     0.000045
    49   0.00190   0.00233   0.00642     0.5000      200    0.000085     0.000039
    50   0.00190   0.00233   0.00641     0.5000      200    0.000075     0.000034
    51   0.00190   0.00233   0.00641     0.5000      200    0.000065     0.000029
    52   0.00190   0.00233   0.00641     0.5000      200    0.000057     0.000025
    53   0.00190   0.00233   0.00641     0.5000      200    0.000050     0.000022
    54   0.00189   0.00233   0.00641     0.5000      200    0.000044     0.000019
    55   0.00189   0.00233   0.00641     0.5000      200    0.000038     0.000016
    56   0.00189   0.00233   0.00641     0.5000      200    0.000033     0.000014
    57   0.00189   0.00233   0.00641     0.5000      200    0.000029     0.000012
    58   0.00189   0.00233   0.00641     0.5000      200    0.000025     0.000011
    59   0.00189   0.00233   0.00641     0.5000      200    0.000022     0.000009
    60   0.00189   0.00233   0.00641     0.5000      200    0.000019     0.000008
    61   0.00189   0.00233   0.00641     0.5000      200    0.000017     0.000007
    62   0.00189   0.00233   0.00641     0.5000      200    0.000015     0.000006
    63   0.00189   0.00233   0.00641     0.5000      200    0.000013     0.000005
    64   0.00189   0.00233   0.00641     0.5000      200    0.000011     0.000005
    65   0.00189   0.00233   0.00641     0.5000      200    0.000010     0.000004
    66   0.00189   0.00233   0.00641     0.5000      200    0.000009     0.000003
