PA4-E-Debug: update moved the points less than motion_tol
  iter   mean_mm    rms_mm    max_mm     eta_mm  inliers   d_rot_deg   d_trans_mm
     1   0.99820   1.17386   2.30123        inf      200    0.786328     0.965513
     2   0.69998   0.81573   1.47552        inf      200    0.456896     0.593794
     3   0.50762   0.59017   1.28467        inf      200    0.274971     0.400607
     4   0.37848   0.44259   0.97281     1.5229      200    0.167661     0.278066
     5   0.28728   0.34107   0.72673     1.1355      200    0.123521     0.202525
     6   0.22451   0.27101   0.60993     0.8619      200    0.085173     0.150588
     7   0.18238   0.22156   0.53150     0.6735      200    0.063890     0.113697
     8   0.15173   0.18502   0.47050     0.5471      200    0.051396     0.088854
     9   0.12901   0.15840   0.42255     0.5000      200    0.044487     0.069054
    10   0.11236   0.13906   0.38483     0.5000      200    0.039867     0.053864
    11   0.09986   0.12495   0.37888     0.5000      200    0.035374     0.042387
    12   0.09020   0.11452   0.38205     0.5000      200    0.032188     0.033833
    13   0.08300   0.10698   0.38345     0.5000      200    0.028115     0.027078
    14   0.07788   0.10160   0.38380     0.5000      200    0.024463     0.021751
    15   0.07426   0.09778   0.38359     0.5000      200    0.021160     0.017554
    16   0.07201   0.09509   0.38311     0.5000      200    0.018268     0.014210
    17   0.07056   0.09321   0.38251     0.5000      200    0.015685     0.011533
    18   0.06960   0.09189   0.38187     0.5000      200    0.013444     0.009390
    19   0.06898   0.09096   0.38131     0.5000      200    0.011544     0.007732
    20   0.06857   0.09032   0.38079     0.5000      200    0.009871     0.006315
    21   0.06832   0.08987   0.38034     0.5000      200    0.008459     0.005176
    22   0.06816   0.08955   0.37996     0.5000      200    0.007244     0.004229
    23   0.06808   0.08934   0.37965     0.5000      200    0.006208     0.003467
    24   0.06803   0.08919   0.37941     0.5000      200    0.005325     0.002841
    25   0.06799   0.08908   0.37922     0.5000      200    0.004556     0.002329
    26   0.06797   0.08901   0.37907     0.5000      200    0.003899     0.001911
    27   0.06795   0.08895   0.37896     0.5000      200    0.003337     0.001569
    28   0.06793   0.08892   0.37888     0.5000      200    0.002857     0.001289
    29   0.06792   0.08889   0.37883     0.5000      200    0.002448     0.001059
    30   0.06792   0.08888   0.37879     0.5000      200    0.002097     0.000871
    31   0.06791   0.08886   0.37877     0.5000      200    0.001798     0.000716
    32   0.06790   0.08885   0.37876     0.5000      200    0.001543     0.000589
    33   0.06790   0.08885   0.37875     0.5000      200    0.001324     0.000485
    34   0.06789   0.08884   0.37876     0.5000      200    0.001137     0.000399
    35   0.06789   0.08884   0.37877     0.5000      200    0.000977     0.000328
    36   0.06790   0.08884   0.37878     0.5000      200    0.000840     0.000270
    37   0.06790   0.08884   0.37879     0.5000      200    0.000722     0.000222
    38   0.06790   0.08884   0.37880     0.5000      200    0.000621     0.000183
    39   0.06790   0.08883   0.37882     0.5000      200    0.000535     0.000151
    40   0.06790   0.08883   0.37883     0.5000      200    0.000461     0.000124
    41   0.06790   0.08883   0.37885     0.5000      200    0.000397     0.000102
    42   0.06790   0.08883   0.37886     0.5000      200    0.000342     0.000084
    43   0.06791   0.08883   0.37888     0.5000      200    0.000295     0.000069
    44   0.06791   0.08883   0.37889     0.5000      200    0.000254     0.000057
    45   0.06791   0.08883   0.37890     0.5000      200    0.000219     0.000047
    46   0.06791   0.08883   0.37891     0.5000      200    0.000189     0.000039
    47   0.06791   0.08883   0.37892     0.5000      200    0.000163     0.000032
    48   0.06791   0.08883   0.37893     0.5000      200    0.000141     0.000026
    49   0.06791   0.08883   0.37894     0.5000      200    0.000122     0.000022
    50   0.06791   0.08883   0.37894     0.5000      200    0.000105     0.000018
    51   0.06791   0.08883   0.37895     0.5000      200    0.000091     0.000015
    52   0.06791   0.08883   0.37896     0.5000      200    0.000079     0.000012
    53   0.06791   0.08883   0.37896     0.5000      200    0.000068     0.000010
    54   0.06791   0.08883   0.37897     0.5000      200    0.000059     0.000008
    55   0.06791   0.08883   0.37897     0.5000      200    0.000051     0.000007
    56   0.06791   0.08883   0.37897     0.5000      200    0.000044     0.000006
    57   0.06791   0.08883   0.37898     0.5000      200    0.000038     0.000005
    58   0.06791   0.08883   0.37898     0.5000      200    0.000033     0.000004
    59   0.06791   0.08883   0.37898     0.5000      200    0.000028     0.000003
    60   0.06791   0.08883   0.37898     0.5000      200    0.000025     0.000003
    61   0.06791   0.08883   0.37899     0.5000      200    0.000021     0.000002
    62   0.06791   0.08883   0.37899     0.5000      200    0.000018     0.000002
    63   0.06791   0.08883   0.37899     0.5000      200    0.000016     0.000001
    64   0.06791   0.08883   0.37899     0.5000      200    0.000014     0.000001
    65   0.06791   0.08883   0.37899     0.5000      200    0.000012     0.000001
