PA4-A-Debug: update moved the points less than motion_tol
  iter   mean_mm    rms_mm    max_mm     eta_mm  inliers   d_rot_deg   d_trans_mm
     1   0.00224   0.00267   0.00712        inf       75    0.001430     0.001456
     2   0.00203   0.00241   0.00630        inf       75    0.000837     0.000783
     3   0.00194   0.00232   0.00617        inf       75    0.000509     0.000433
     4   0.00189   0.00229   0.00620     0.5000       75    0.000323     0.000248
     5   0.00186   0.00228   0.00624     0.5000       75    0.000215     0.000149
     6   0.00185   0.00227   0.00628     0.5000       75    0.000149     0.000093
     7   0.00184   0.00227   0.00631     0.5000       75    0.000106     0.000060
     8   0.00184   0.00227   0.00633     0.5000       75    0.000078     0.000040
     9   0.00183   0.00227   0.00634     0.5000       75    0.000058     0.000027
    10   0.00183   0.00226   0.00635     0.5000       75    0.000044     0.000018
    11   0.00183   0.00226   0.00636     0.5000       75    0.000033     0.000013
    12   0.00183   0.00226   0.00637     0.5000       75    0.000026     0.000009
    13   0.00183   0.00226   0.00637     0.5000       75    0.000020     0.000006
    14   0.00183   0.00226   0.00637     0.5000       75    0.000015     0.000005
    15   0.00183   0.00226   0.00638     0.5000       75    0.000012     0.000004
    16   0.00183   0.00226   0.00638     0.5000       75    0.000010     0.000003
    17   0.00183   0.00226   0.00638     0.5000       75    0.000008     0.000002
