PA4-G-Unknown: update moved the points less than motion_tol
  iter   mean_mm    rms_mm    max_mm     eta_mm  inliers   d_rot_deg   d_trans_mm
     1   0.61345   0.80571   2.60672        inf      200    0.534542     0.727291
     2   0.37646   0.51911   1.85980        inf      200    0.412549     0.443701
     3   0.24345   0.34622   1.30787        inf      200    0.311733     0.263991
     4   0.18975   0.27750   1.08992     0.7303      188    0.126313     0.116519
     5   0.15585   0.23160   0.92697     0.5692      187    0.105657     0.075160
     6   0.13133   0.19543   0.78723     0.5000      189    0.100383     0.054259
     7   0.11076   0.16294   0.65354     0.5000      193    0.103256     0.043235
     8   0.09395   0.13631   0.54004     0.5000      194    0.093913     0.031840
     9   0.07777   0.10989   0.42405     0.5000      198    0.098854     0.029135
    10   0.06337   0.08684   0.32065     0.5000      200    0.092935     0.022848
    11   0.05236   0.07023   0.24605     0.5000      200    0.073940     0.013974
    12   0.04375   0.05785   0.19120     0.5000      200    0.059686     0.008887
    13   0.03697   0.04837   0.15043     0.5000      200    0.048818     0.005807
    14   0.03155   0.04095   0.11973     0.5000      200    0.040461     0.003959
    15   0.02717   0.03500   0.09994     0.5000      200    0.033957     0.002840
    16   0.02353   0.03017   0.08651     0.5000      200    0.028734     0.002124
    17   0.02049   0.02620   0.07488     0.5000      200    0.024503     0.001635
    18   0.01795   0.02290   0.06597     0.5000      200    0.021010     0.001274
    19   0.01580   0.02012   0.05823     0.5000      200    0.018162     0.001028
    20   0.01398   0.01777   0.05140     0.5000      200    0.015770     0.000841
    21   0.01241   0.01576   0.04539     0.5000      200    0.013743     0.000696
    22   0.01106   0.01404   0.04011     0.5000      200    0.012011     0.000584
    23   0.00990   0.01255   0.03586     0.5000      200    0.010571     0.000498
    24   0.00888   0.01127   0.03280     0.5000      200    0.009290     0.000432
    25   0.00802   0.01016   0.03004     0.5000      200    0.008158     0.000385
    26   0.00730   0.00922   0.02755     0.5000      200    0.007175     0.000345
    27   0.00668   0.00841   0.02531     0.5000      200    0.006318     0.000312
    28   0.00613   0.00773   0.02329     0.5000      200    0.005570     0.000284
    29   0.00567   0.00714   0.02148     0.5000      200    0.004914     0.000261
    30   0.00527   0.00665   0.01985     0.5000      200    0.004339     0.000240
    31   0.00493   0.00624   0.01906     0.5000      200    0.003834     0.000222
    32   0.00465   0.00589   0.01852     0.5000      200    0.003389     0.000205
    33   0.00441   0.00560   0.01805     0.5000      200    0.003044     0.000199
    34   0.00421   0.00536   0.01762     0.5000      200    0.002687     0.000181
    35   0.00405   0.00516   0.01723     0.5000      200    0.002373     0.000165
    36   0.00391   0.00500   0.01687     0.5000      200    0.002098     0.000151
    37   0.00380   0.00487   0.01655     0.5000      200    0.001855     0.000138
    38   0.00371   0.00477   0.01626     0.5000      200    0.001641     0.000126
    39   0.00364   0.00468   0.01600     0.5000      200    0.001453     0.000115
    40   0.00358   0.00462   0.01576     0.5000      200    0.001286     0.000105
    41   0.00354   0.00456   0.01555     0.5000      200    0.001139     0.000096
    42   0.00350   0.00452   0.01536     0.5000      200    0.001009     0.000087
    43   0.00347   0.00449   0.01518     0.5000      200    0.000894     0.000079
    44   0.00344   0.00446   0.01503     0.5000      200    0.000792     0.000072
    45   0.00342   0.00444   0.01489     0.5000      200    0.000703     0.000065
    46   0.00341   0.00442   0.01476     0.5000      200    0.000623     0.000059
    47   0.00339   0.00441   0.01465     0.5000      200    0.000552     0.000053
    48   0.00338   0.00440   0.01455     0.5000      200    0.000490     0.000048
    49   0.00337   0.00439   0.01446     0.5000      200    0.000435     0.000043
    50   0.00337   0.00438   0.01438     0.5000      200    0.000386     0.000039
    51   0.00336   0.00438   0.01431     0.5000      200    0.000342     0.000035
    52   0.00336   0.00437   0.01425     0.5000      200    0.000304     0.000031
    53   0.00335   0.00437   0.01419     0.5000      200    0.000269     0.000028
    54   0.00335   0.00437   0.01414     0.5000      200    0.000239     0.000025
    55   0.00335   0.00437   0.01409     0.5000      200    0.000212     0.000023
    56   0.00335   0.00436   0.01405     0.5000      200    0.000188     0.000020
    57   0.00335   0.00436   0.01402     0.5000      200    0.000167     0.000018
    58   0.00334   0.00436   0.01398     0.5000      200    0.000149     0.000016
    59   0.00334   0.00436   0.01396     0.5000      200    0.000132     0.000015
    60   0.00334   0.00436   0.01393     0.5000      200    0.000117     0.000013
    61   0.00334   0.00436   0.01391     0.5000      200    0.000104     0.000012
    62   0.00334   0.00436   0.01389     0.5000      200    0.000092     0.000010
    63   0.00334   0.00436   0.01387     0.5000      200    0.000082     0.000009
    64   0.00334   0.00436   0.01385     0.5000      200    0.000073     0.000008
    65   0.00334   0.00436   0.01384     0.5000      200    0.000065     0.000007
    66   0.00334   0.00436   0.01383     0.5000      200    0.000057     0.000007
    67   0.00334   0.00436   0.01381     0.5000      200    0.000051     0.000006
    68   0.00334   0.00436   0.01380     0.5000      200    0.000045     0.000005
    69   0.00334   0.00436   0.01380     0.5000      200    0.000040     0.000005
    70   0.00334   0.00436   0.01379     0.5000      200    0.000036     0.000004
    71   0.00334   0.00436   0.01378     0.5000      200    0.000032     0.000004
    72   0.00334   0.00436   0.01377     0.5000      200    0.000028     0.000003
    73   0.00334   0.00436   0.01377     0.5000      200    0.000025     0.000003
    74   0.00334   0.00436   0.01376     0.5000      200    0.000022     0.000003
    75   0.00334   0.00436   0.01376     0.5000      200    0.000020     0.000002
    76   0.00334   0.00436   0.01375     0.5000      200    0.000018     0.000002
    77   0.00334   0.00436   0.01375     0.5000      200    0.000016     0.000002
    78   0.00334   0.00436   0.01375     0.5000      200    0.000014     0.000002
    79   0.00334   0.00436   0.01375     0.5000      200    0.000012     0.000001
