PA4-C-Debug: update moved the points less than motion_tol
  iter   mean_mm    rms_mm    max_mm     eta_mm  inliers   d_rot_deg   d_trans_mm
     1   0.70139   0.84721   1.88441        inf      200    0.456032     0.523898
     2   0.52760   0.64310   1.40270        inf      200    0.340827     0.374877
     3   0.40640   0.50431   1.17729        inf      200    0.242337     0.274798
     4   0.32188   0.40620   1.00378     1.2192      200    0.186010     0.209121
     5   0.26528   0.33955   0.89546     0.9656      197    0.148700     0.149162
     6   0.22731   0.29227   0.80452     0.7958      195    0.124439     0.110000
     7   0.19958   0.25554   0.72138     0.6819      195    0.106187     0.087388
     8   0.17691   0.22556   0.64588     0.5988      195    0.093828     0.071380
     9   0.15759   0.20022   0.57721     0.5307      195    0.084152     0.059687
    10   0.13952   0.17694   0.51157     0.5000      197    0.076399     0.054848
    11   0.12251   0.15508   0.44823     0.5000      199    0.074862     0.050346
    12   0.10715   0.13534   0.38850     0.5000      200    0.070004     0.044192
    13   0.09378   0.11829   0.33726     0.5000      200    0.063124     0.037354
    14   0.08196   0.10331   0.29262     0.5000      200    0.056863     0.032175
    15   0.07164   0.09026   0.25396     0.5000      200    0.051105     0.027564
    16   0.06264   0.07884   0.22037     0.5000      200    0.045678     0.023647
    17   0.05473   0.06881   0.19099     0.5000      200    0.040875     0.020489
    18   0.04783   0.06008   0.16552     0.5000      200    0.036344     0.017641
    19   0.04183   0.05251   0.14350     0.5000      200    0.032176     0.015119
    20   0.03658   0.04593   0.12443     0.5000      200    0.028636     0.012989
    21   0.03201   0.04019   0.10805     0.5000      200    0.025409     0.011187
    22   0.02803   0.03519   0.09393     0.5000      200    0.022520     0.009647
    23   0.02451   0.03076   0.08161     0.5000      200    0.020043     0.008384
    24   0.02140   0.02684   0.07078     0.5000      200    0.017934     0.007287
    25   0.01869   0.02344   0.06135     0.5000      200    0.015809     0.006296
    26   0.01632   0.02047   0.05314     0.5000      200    0.013922     0.005435
    27   0.01426   0.01789   0.04600     0.5000      200    0.012290     0.004692
    28   0.01247   0.01565   0.03982     0.5000      200    0.010810     0.004053
    29   0.01091   0.01371   0.03468     0.5000      200    0.009505     0.003503
    30   0.00956   0.01202   0.03021     0.5000      200    0.008356     0.003029
    31   0.00839   0.01055   0.02631     0.5000      200    0.007343     0.002620
    32   0.00738   0.00929   0.02292     0.5000      200    0.006451     0.002266
    33   0.00651   0.00819   0.01998     0.5000      200    0.005666     0.001962
    34   0.00576   0.00725   0.01767     0.5000      200    0.004975     0.001698
    35   0.00512   0.00644   0.01617     0.5000      200    0.004367     0.001471
    36   0.00457   0.00575   0.01485     0.5000      200    0.003833     0.001275
    37   0.00410   0.00516   0.01368     0.5000      200    0.003372     0.001105
    38   0.00371   0.00466   0.01265     0.5000      200    0.002956     0.000958
    39   0.00338   0.00424   0.01175     0.5000      200    0.002591     0.000830
    40   0.00311   0.00389   0.01096     0.5000      200    0.002271     0.000720
    41   0.00288   0.00360   0.01026     0.5000      200    0.001990     0.000625
    42   0.00271   0.00337   0.00965     0.5000      200    0.001743     0.000542
    43   0.00256   0.00318   0.00911     0.5000      200    0.001527     0.000471
    44   0.00243   0.00302   0.00864     0.5000      200    0.001337     0.000409
    45   0.00233   0.00290   0.00823     0.5000      200    0.001171     0.000355
    46   0.00226   0.00280   0.00787     0.5000      200    0.001025     0.000308
    47   0.00219   0.00273   0.00755     0.5000      200    0.000897     0.000268
    48   0.00214   0.00267   0.00727     0.5000      200    0.000786     0.000233
    49   0.00210   0.00262   0.00703     0.5000      200    0.000687     0.000202
    50   0.00207   0.00258   0.00681     0.5000      200    0.000602     0.000176
    51   0.00205   0.00256   0.00662     0.5000      200    0.000526     0.000153
    52   0.00203   0.00253   0.00646     0.5000      200    0.000460     0.000133
    53   0.00202   0.00252   0.00640     0.5000      200    0.000403     0.000116
    54   0.00201   0.00251   0.00636     0.5000      200    0.000352     0.000101
    55   0.00201   0.00250   0.00632     0.5000      200    0.000308     0.000088
    56   0.00200   0.00249   0.00628     0.5000      200    0.000269     0.000076
    57   0.00200   0.00248   0.00625     0.5000      200    0.000236     0.000066
    58   0.00200   0.00248   0.00623     0.5000      200    0.000206     0.000058
    59   0.00199   0.00248   0.00621     0.5000      200    0.000180     0.000050
    60   0.00199   0.00247   0.00619     0.5000      200    0.000157     0.000044
    61   0.00199   0.00247   0.00617     0.5000      200    0.000138     0.000038
    62   0.00199   0.00247   0.00615     0.5000      200    0.000120     0.000033
    63   0.00199   0.00247   0.00614     0.5000      200    0.000105     0.000029
    64   0.00199   0.00247   0.00614     0.5000      200    0.000092     0.000025
    65   0.00199   0.00247   0.00617     0.5000      200    0.000080     0.000022
    66   0.00198   0.00247   0.00620     0.5000      200    0.000070     0.000019
    67   0.00198   0.00247   0.00622     0.5000      200    0.000061     0.000017
    68   0.00198   0.00247   0.00625     0.5000      200    0.000054     0.000015
    69   0.00198   0.00247   0.00627     0.5000      200    0.000047     0.000013
    70   0.00198   0.00247   0.00628     0.5000      200    0.000041     0.000011
    71   0.00198   0.00246   0.00630     0.5000      200    0.000036     0.000010
    72   0.00198   0.00246   0.00631     0.5000      200    0.000031     0.000008
    73   0.00198   0.00246   0.00632     0.5000      200    0.000027     0.000007
    74   0.00198   0.00246   0.00633     0.5000      200    0.000024     0.000006
    75   0.00198   0.00246   0.00634     0.5000      200    0.000021     0.000006
    76   0.00198   0.00246   0.00635     0.5000      200    0.000018     0.000005
    77   0.00198   0.00246   0.00636     0.5000      200    0.000016     0.000004
    78   0.00198   0.00246   0.00636     0.5000      200    0.000014     0.000004
    79   0.00198   0.00246   0.00637     0.5000      200    0.000012     0.000003
    80   0.00198   0.00246   0.00637     0.5000      200    0.000011     0.000003
