PA4-J-Unknown: update moved the points less than motion_tol
  iter   mean_mm    rms_mm    max_mm     eta_mm  inliers   d_rot_deg   d_trans_mm
     1   1.13452   1.29260   2.31957        inf      200    0.108723     1.205609
     2   0.72905   0.83620   1.56467        inf      200    0.075609     0.769863
     3   0.48067   0.55229   1.09261        inf      200    0.033171     0.491279
     4   0.32509   0.37351   0.78916     1.4420      200    0.013315     0.314415
     5   0.22219   0.25784   0.58649     0.9753      200    0.014841     0.209324
     6   0.15807   0.18553   0.45227     0.6666      200    0.022163     0.138611
     7   0.11868   0.14221   0.36422     0.5000      200    0.023983     0.091621
     8   0.09586   0.11728   0.31581     0.5000      200    0.022907     0.061178
     9   0.08297   0.10338   0.29197     0.5000      200    0.020523     0.041624
    10   0.07541   0.09584   0.27572     0.5000      200    0.018342     0.028583
    11   0.07105   0.09180   0.28484     0.5000      200    0.016301     0.019746
    12   0.06848   0.08961   0.29099     0.5000      200    0.014267     0.013817
    13   0.06741   0.08837   0.29450     0.5000      200    0.012495     0.009784
    14   0.06682   0.08765   0.29639     0.5000      200    0.010906     0.007022
    15   0.06658   0.08722   0.29731     0.5000      200    0.009498     0.005107
    16   0.06651   0.08694   0.29765     0.5000      200    0.008263     0.003761
    17   0.06649   0.08676   0.29766     0.5000      200    0.007183     0.002802
    18   0.06648   0.08664   0.29749     0.5000      200    0.006244     0.002109
    19   0.06648   0.08656   0.29723     0.5000      200    0.005427     0.001602
    20   0.06650   0.08650   0.29695     0.5000      200    0.004718     0.001227
    21   0.06651   0.08646   0.29666     0.5000      200    0.004103     0.000947
    22   0.06652   0.08643   0.29640     0.5000      200    0.003656     0.000749
    23   0.06654   0.08640   0.29615     0.5000      200    0.003179     0.000580
    24   0.06655   0.08639   0.29593     0.5000      200    0.002765     0.000453
    25   0.06657   0.08638   0.29573     0.5000      200    0.002411     0.000359
    26   0.06659   0.08637   0.29555     0.5000      200    0.002103     0.000286
    27   0.06660   0.08636   0.29540     0.5000      200    0.001834     0.000229
    28   0.06661   0.08635   0.29527     0.5000      200    0.001611     0.000181
    29   0.06662   0.08635   0.29516     0.5000      200    0.001405     0.000147
    30   0.06663   0.08635   0.29506     0.5000      200    0.001226     0.000121
    31   0.06663   0.08635   0.29498     0.5000      200    0.001070     0.000099
    32   0.06664   0.08634   0.29491     0.5000      200    0.000934     0.000082
    33   0.06664   0.08634   0.29485     0.5000      200    0.000815     0.000069
    34   0.06665   0.08634   0.29479     0.5000      200    0.000711     0.000057
    35   0.06665   0.08634   0.29475     0.5000      200    0.000621     0.000048
    36   0.06665   0.08634   0.29471     0.5000      200    0.000542     0.000041
    37   0.06665   0.08634   0.29467     0.5000      200    0.000473     0.000035
    38   0.06665   0.08634   0.29464     0.5000      200    0.000413     0.000030
    39   0.06666   0.08634   0.29462     0.5000      200    0.000360     0.000025
    40   0.06666   0.08634   0.29460     0.5000      200    0.000314     0.000022
    41   0.06666   0.08634   0.29458     0.5000      200    0.000275     0.000019
    42   0.06666   0.08634   0.29456     0.5000      200    0.000240     0.000016
    43   0.06666   0.08634   0.29455     0.5000      200    0.000209     0.000014
    44   0.06666   0.08634   0.29454     0.5000      200    0.000183     0.000012
    45   0.06666   0.08634   0.29453     0.5000      200    0.000159     0.000011
    46   0.06666   0.08634   0.29452     0.5000      200    0.000139     0.000009
    47   0.06666   0.08634   0.29451     0.5000      200    0.000121     0.000008
    48   0.06666   0.08634   0.29450     0.5000      200    0.000106     0.000007
    49   0.06666   0.08634   0.29450     0.5000      200    0.000093     0.000006
    50   0.06666   0.08634   0.29449     0.5000      200    0.000081     0.000005
    51   0.06666   0.08634   0.29449     0.5000      200    0.000071     0.000005
    52   0.06666   0.08634   0.29448     0.5000      200    0.000062     0.000004
    53   0.06666   0.08634   0.29448     0.5000      200    0.000054     0.000003
    54   0.06666   0.08634   0.29448     0.5000      200    0.000047     0.000003
    55   0.06666   0.08634   0.29447     0.5000      200    0.000041     0.000003
    56   0.06667   0.08634   0.29447     0.5000      200    0.000036     0.000002
    57   0.06667   0.08634   0.29447     0.5000      200    0.000031     0.000002
    58   0.06667   0.08634   0.29447     0.5000      200    0.000027     0.000002
    59   0.06667   0.08634   0.29447     0.5000      200    0.000024     0.000002
    60   0.06667   0.08634   0.29446     0.5000      200    0.000021     0.000001
    61   0.06667   0.08634   0.29446     0.5000      200    0.000018     0.000001
    62   0.06667   0.08634   0.29446     0.5000      200    0.000016     0.000001
    63   0.06667   0.08634   0.29446     0.5000      200    0.000014     0.000001
    64   0.06667   0.08634   0.29446     0.5000      200    0.000012     0.000001
