PA4-F-Debug: update moved the points less than motion_tol
  iter   mean_mm    rms_mm    max_mm     eta_mm  inliers   d_rot_deg   d_trans_mm
     1   0.75115   0.93962   2.27192        inf      200    0.874672     0.372938
     2   0.55661   0.71382   1.67573        inf      200    0.644131     0.229903
     3   0.43689   0.55885   1.32149        inf      200    0.454979     0.165549
     4   0.35177   0.44208   1.09936     1.3107      199    0.348278     0.128494
     5   0.28535   0.35533   0.91411     1.0553      199    0.253143     0.112097
     6   0.23416   0.29061   0.76602     0.8560      198    0.187422     0.091840
     7   0.19470   0.24226   0.64531     0.7025      198    0.136667     0.078589
     8   0.16554   0.20512   0.54617     0.5841      198    0.101552     0.067929
     9   0.14243   0.17523   0.46194     0.5000      199    0.081086     0.058937
    10   0.12388   0.15142   0.39016     0.5000      200    0.063440     0.052183
    11   0.10907   0.13288   0.33065     0.5000      200    0.050311     0.043953
    12   0.09758   0.11912   0.28227     0.5000      200    0.039341     0.036306
    13   0.08897   0.10911   0.26343     0.5000      200    0.030959     0.029899
    14   0.08267   0.10197   0.25461     0.5000      200    0.024440     0.024535
    15   0.07785   0.09682   0.25723     0.5000      200    0.019490     0.020527
    16   0.07432   0.09326   0.26594     0.5000      200    0.015281     0.016926
    17   0.07176   0.09084   0.27279     0.5000      200    0.012259     0.013754
    18   0.06990   0.08921   0.27823     0.5000      200    0.009900     0.011197
    19   0.06879   0.08811   0.28265     0.5000      200    0.008186     0.009105
    20   0.06808   0.08737   0.28617     0.5000      200    0.006628     0.007419
    21   0.06753   0.08688   0.28901     0.5000      200    0.005400     0.006035
    22   0.06722   0.08656   0.29129     0.5000      200    0.004388     0.004896
    23   0.06703   0.08634   0.29312     0.5000      200    0.003567     0.003973
    24   0.06692   0.08621   0.29458     0.5000      200    0.002895     0.003210
    25   0.06684   0.08611   0.29576     0.5000      200    0.002347     0.002585
    26   0.06680   0.08606   0.29670     0.5000      200    0.001904     0.002082
    27   0.06676   0.08602   0.29745     0.5000      200    0.001546     0.001677
    28   0.06673   0.08599   0.29806     0.5000      200    0.001262     0.001359
    29   0.06672   0.08597   0.29854     0.5000      200    0.001033     0.001103
    30   0.06670   0.08596   0.29892     0.5000      200    0.000846     0.000895
    31   0.06669   0.08596   0.29923     0.5000      200    0.000694     0.000727
    32   0.06668   0.08595   0.29948     0.5000      200    0.000570     0.000590
    33   0.06667   0.08595   0.29967     0.5000      200    0.000470     0.000479
    34   0.06666   0.08595   0.29983     0.5000      200    0.000387     0.000388
    35   0.06666   0.08594   0.29995     0.5000      200    0.000320     0.000315
    36   0.06665   0.08594   0.30005     0.5000      200    0.000265     0.000256
    37   0.06665   0.08594   0.30013     0.5000      200    0.000219     0.000208
    38   0.06665   0.08594   0.30019     0.5000      200    0.000182     0.000169
    39   0.06664   0.08594   0.30024     0.5000      200    0.000152     0.000137
    40   0.06664   0.08594   0.30028     0.5000      200    0.000126     0.000111
    41   0.06664   0.08594   0.30031     0.5000      200    0.000105     0.000090
    42   0.06664   0.08594   0.30034     0.5000      200    0.000088     0.000073
    43   0.06664   0.08594   0.30036     0.5000      200    0.000074     0.000059
    44   0.06664   0.08594   0.30037     0.5000      200    0.000062     0.000048
    45   0.06664   0.08594   0.30038     0.5000      200    0.000052     0.000039
    46   0.06664   0.08594   0.30039     0.5000      200    0.000044     0.000032
    47   0.06664   0.08594   0.30040     0.5000      200    0.000037     0.000026
    48   0.06664   0.08594   0.30041     0.5000      200    0.000031     0.000021
    49   0.06664   0.08594   0.30041     0.5000      200    0.000027     0.000017
    50   0.06664   0.08594   0.30041     0.5000      200    0.000022     0.000014
    51   0.06663   0.08594   0.30042     0.5000      200    0.000019     0.000011
    52   0.06663   0.08594   0.30042     0.5000      200    0.000016     0.000009
    53   0.06663   0.08594   0.30042     0.5000      200    0.000014     0.000007
    54   0.06663   0.08594   0.30042     0.5000      200    0.000012     0.000006
    55   0.06663   0.08594   0.30042     0.5000      200    0.000010     0.000005
