PA4-K-Unknown: update moved the points less than motion_tol
  iter   mean_mm    rms_mm    max_mm     eta_mm  inliers   d_rot_deg   d_trans_mm
     1   0.97105   1.12448   2.29816        inf      200    0.118375     1.157946
     2   0.58363   0.68495   1.53694        inf      200    0.143747     0.703808
     3   0.35431   0.42435   1.05783        inf      200    0.127922     0.421106
     4   0.21884   0.27040   0.75574     1.0629      200    0.104825     0.252805
     5   0.14694   0.18562   0.57607     0.6565      197    0.071433     0.145495
     6   0.10736   0.13682   0.45577     0.5000      198    0.060529     0.090227
     7   0.08518   0.10910   0.37116     0.5000      200    0.053206     0.058005
     8   0.07383   0.09516   0.31609     0.5000      200    0.040645     0.035035
     9   0.06785   0.08817   0.27880     0.5000      200    0.031824     0.021825
    10   0.06487   0.08478   0.25390     0.5000      200    0.024350     0.013388
    11   0.06367   0.08307   0.23691     0.5000      200    0.018843     0.008363
    12   0.06299   0.08218   0.22812     0.5000      200    0.014742     0.005258
    13   0.06279   0.08170   0.22989     0.5000      200    0.011650     0.003392
    14   0.06273   0.08143   0.23140     0.5000      200    0.009300     0.002205
    15   0.06270   0.08127   0.23262     0.5000      200    0.007474     0.001450
    16   0.06272   0.08117   0.23356     0.5000      200    0.006054     0.000968
    17   0.06276   0.08111   0.23425     0.5000      200    0.004959     0.000652
    18   0.06281   0.08107   0.23475     0.5000      200    0.004103     0.000449
    19   0.06285   0.08104   0.23511     0.5000      200    0.003426     0.000319
    20   0.06289   0.08103   0.23535     0.5000      200    0.002883     0.000238
    21   0.06293   0.08101   0.23551     0.5000      200    0.002442     0.000188
    22   0.06296   0.08100   0.23562     0.5000      200    0.002078     0.000157
    23   0.06298   0.08100   0.23568     0.5000      200    0.001776     0.000137
    24   0.06301   0.08099   0.23571     0.5000      200    0.001523     0.000122
    25   0.06303   0.08099   0.23572     0.5000      200    0.001309     0.000111
    26   0.06305   0.08099   0.23572     0.5000      200    0.001128     0.000100
    27   0.06306   0.08098   0.23571     0.5000      200    0.000973     0.000091
    28   0.06308   0.08098   0.23570     0.5000      200    0.000840     0.000082
    29   0.06309   0.08098   0.23568     0.5000      200    0.000727     0.000074
    30   0.06310   0.08098   0.23566     0.5000      200    0.000629     0.000067
    31   0.06311   0.08098   0.23564     0.5000      200    0.000545     0.000060
    32   0.06312   0.08098   0.23563     0.5000      200    0.000472     0.000053
    33   0.06312   0.08098   0.23561     0.5000      200    0.000409     0.000048
    34   0.06313   0.08098   0.23560     0.5000      200    0.000355     0.000042
    35   0.06313   0.08098   0.23558     0.5000      200    0.000308     0.000037
    36   0.06314   0.08098   0.23557     0.5000      200    0.000267     0.000033
    37   0.06314   0.08098   0.23556     0.5000      200    0.000232     0.000029
    38   0.06315   0.08098   0.23555     0.5000      200    0.000201     0.000026
    39   0.06315   0.08098   0.23554     0.5000      200    0.000175     0.000023
    40   0.06315   0.08098   0.23554     0.5000      200    0.000152     0.000020
    41   0.06315   0.08098   0.23553     0.5000      200    0.000132     0.000017
    42   0.06315   0.08098   0.23552     0.5000      200    0.000115     0.000015
    43   0.06316   0.08098   0.23552     0.5000      200    0.000100     0.000013
    44   0.06316   0.08098   0.23552     0.5000      200    0.000087     0.000012
    45   0.06316   0.08098   0.23551     0.5000      200    0.000075     0.000010
    46   0.06316   0.08098   0.23551     0.5000      200    0.000065     0.000009
    47   0.06316   0.08098   0.23551     0.5000      200    0.000057     0.000008
    48   0.06316   0.08098   0.23550     0.5000      200    0.000049     0.000007
    49   0.06316   0.08098   0.23550     0.5000      200    0.000043     0.000006
    50   0.06316   0.08098   0.23550     0.5000      200    0.000037     0.000005
    51   0.06316   0.08098   0.23550     0.5000      200    0.000032     0.000005
    52   0.06316   0.08098   0.23550     0.5000      200    0.000028     0.000004
    53   0.06316   0.08098   0.23549     0.5000      200    0.000025     0.000003
    54   0.06316   0.08098   0.23549     0.5000      200    0.000021     0.000003
    55   0.06317   0.08098   0.23549     0.5000      200    0.000019     0.000003
    56   0.06317   0.08098   0.23549     0.5000      200    0.000016     0.000002
    57   0.06317   0.08098   0.23549     0.5000      200    0.000014     0.000002
    58   0.06317   0.08098   0.23549     0.5000      200    0.000012     0.000002
