PA4-B-Demo-Slow: update moved the points less than motion_tol
  iter   mean_mm    rms_mm    max_mm     eta_mm  inliers   d_rot_deg   d_trans_mm
     1   1.03565   1.28681   2.73213        inf       75    0.693027     1.074977
     2   0.72167   0.94117   2.16052        inf       75    0.273461     0.678274
     3   0.54976   0.73382   1.75745        inf       75    0.084910     0.452524
     4   0.44505   0.60158   1.47363     1.6493       74    0.043938     0.302366
     5   0.38608   0.52518   1.30836     1.3352       70    0.054821     0.184155
     6   0.34170   0.46528   1.16966     1.1582       70    0.063596     0.144396
     7   0.30147   0.41124   1.04352     1.0251       71    0.065438     0.129249
     8   0.26758   0.36518   0.93146     0.9044       71    0.074566     0.107328
     9   0.23964   0.32624   0.83406     0.8028       71    0.070821     0.089679
    10   0.21541   0.29275   0.75324     0.7189       71    0.065677     0.075846
    11   0.19376   0.26288   0.67929     0.6462       71    0.062338     0.066119
    12   0.17473   0.23648   0.61266     0.5813       71    0.057774     0.057556
    13   0.15803   0.21290   0.55228     0.5242       71    0.053029     0.050892
    14   0.14171   0.19009   0.49541     0.5000       72    0.049144     0.050944
    15   0.12284   0.16331   0.42035     0.5000       75    0.058395     0.057960
    16   0.10577   0.14023   0.35711     0.5000       75    0.053641     0.048422
    17   0.09111   0.12064   0.30402     0.5000       75    0.047160     0.040882
    18   0.07861   0.10405   0.25937     0.5000       75    0.040747     0.034545
    19   0.06783   0.08985   0.22145     0.5000       75    0.035406     0.029474
    20   0.05854   0.07766   0.18982     0.5000       75    0.030727     0.025199
    21   0.05048   0.06714   0.16541     0.5000       75    0.026682     0.021706
    22   0.04361   0.05807   0.14420     0.5000       75    0.023090     0.018689
    23   0.03774   0.05029   0.12582     0.5000       75    0.020004     0.016050
    24   0.03269   0.04357   0.10982     0.5000       75    0.017372     0.013857
    25   0.02836   0.03779   0.09590     0.5000       75    0.015036     0.011937
    26   0.02462   0.03282   0.08379     0.5000       75    0.013055     0.010304
    27   0.02139   0.02852   0.07325     0.5000       75    0.011358     0.008898
    28   0.01860   0.02482   0.06408     0.5000       75    0.009882     0.007689
    29   0.01621   0.02163   0.05611     0.5000       75    0.008639     0.006642
    30   0.01414   0.01887   0.04917     0.5000       75    0.007564     0.005740
    31   0.01235   0.01648   0.04313     0.5000       75    0.006631     0.004965
    32   0.01082   0.01441   0.03787     0.5000       75    0.005820     0.004296
    33   0.00953   0.01263   0.03328     0.5000       75    0.005114     0.003720
    34   0.00840   0.01108   0.02929     0.5000       75    0.004497     0.003223
    35   0.00742   0.00975   0.02581     0.5000       75    0.003957     0.002794
    36   0.00658   0.00860   0.02277     0.5000       75    0.003483     0.002423
    37   0.00586   0.00761   0.02012     0.5000       75    0.003066     0.002102
    38   0.00524   0.00676   0.01780     0.5000       75    0.002701     0.001825
    39   0.00471   0.00603   0.01578     0.5000       75    0.002380     0.001585
    40   0.00425   0.00541   0.01402     0.5000       75    0.002098     0.001377
    41   0.00384   0.00489   0.01249     0.5000       75    0.001849     0.001197
    42   0.00349   0.00444   0.01114     0.5000       75    0.001631     0.001040
    43   0.00320   0.00407   0.00997     0.5000       75    0.001438     0.000905
    44   0.00295   0.00376   0.00895     0.5000       75    0.001268     0.000787
    45   0.00275   0.00351   0.00805     0.5000       75    0.001118     0.000685
    46   0.00260   0.00330   0.00727     0.5000       75    0.000986     0.000597
    47   0.00249   0.00313   0.00668     0.5000       75    0.000870     0.000520
    48   0.00240   0.00299   0.00664     0.5000       75    0.000767     0.000453
    49   0.00233   0.00289   0.00663     0.5000       75    0.000676     0.000395
    50   0.00228   0.00280   0.00663     0.5000       75    0.000596     0.000344
    51   0.00223   0.00273   0.00662     0.5000       75    0.000526     0.000300
    52   0.00220   0.00268   0.00662     0.5000       75    0.000464     0.000262
    53   0.00217   0.00264   0.00662     0.5000       75    0.000409     0.000228
    54   0.00214   0.00260   0.00661     0.5000       75    0.000360     0.000199
    55   0.00212   0.00258   0.00661     0.5000       75    0.000317     0.000174
    56   0.00210   0.00256   0.00661     0.5000       75    0.000280     0.000152
    57   0.00209   0.00254   0.00661     0.5000       75    0.000246     0.000133
    58   0.00208   0.00253   0.00660     0.5000       75    0.000217     0.000116
    59   0.00207   0.00252   0.00660     0.5000       75    0.000191     0.000101
    60   0.00206   0.00252   0.00660     0.5000       75    0.000168     0.000089
    61   0.00206   0.00251   0.00660     0.5000       75    0.000148     0.000077
    62   0.00205   0.00251   0.00660     0.5000       75    0.000131     0.000068
    63   0.00205   0.00250   0.00660     0.5000       75    0.000115     0.000059
    64   0.00204   0.00250   0.00660     0.5000       75    0.000101     0.000052
    65   0.00204   0.00250   0.00660     0.5000       75    0.000089     0.000045
    66   0.00204   0.00250   0.00659     0.5000       75    0.000078     0.000040
    67   0.00203   0.00250   0.00659     0.5000       75    0.000069     0.000035
    68   0.00203   0.00250   0.00659     0.5000       75    0.000061     0.000030
    69   0.00203   0.00250   0.00659     0.5000       75    0.000053     0.000026
    70   0.00203   0.00250   0.00659     0.5000       75    0.000047     0.000023
    71   0.00203   0.00250   0.00659     0.5000       75    0.000041     0.000020
    72   0.00203   0.00250   0.00659     0.5000       75    0.000036     0.000018
    73   0.00203   0.00249   0.00659     0.5000       75    0.000032     0.000016
    74   0.00203   0.00249   0.00659     0.5000       75    0.000028     0.000014
    75   0.00203   0.00249   0.00659     0.5000       75    0.000025     0.000012
    76   0.00203   0.00249   0.00659     0.5000       75    0.000022     0.000010
    77   0.00203   0.00249   0.00659     0.5000       75    0.000019     0.000009
    78   0.00203   0.00249   0.00659     0.5000       75    0.000017     0.000008
    79   0.00203   0.00249   0.00659     0.5000       75    0.000015     0.000007
    80   0.00202   0.00249   0.00659     0.5000       75    0.000013     0.000006
    81   0.00202   0.00249   0.00659     0.5000       75    0.000011     0.000005
    82   0.00202   0.00249   0.00659     0.5000       75    0.000010     0.000005
    83   0.00202   0.00249   0.00659     0.5000       75    0.000009     0.000004
    84   0.00202   0.00249   0.00659     0.5000       75    0.000008     0.000004
