PA4-A-Demo-Fast: update moved the points less than motion_tol
  iter   mean_mm    rms_mm    max_mm     eta_mm  inliers   d_rot_deg   d_trans_mm
     1   0.00231   0.00292   0.00981        inf       75    0.000496     0.001325
     2   0.00219   0.00272   0.00915        inf       75    0.000384     0.000766
     3   0.00214   0.00264   0.00873        inf       75    0.000297     0.000458
     4   0.00212   0.00261   0.00846     0.5000       75    0.000228     0.000285
     5   0.00211   0.00259   0.00828     0.5000       75    0.000175     0.000184
     6   0.00210   0.00259   0.00816     0.5000       75    0.000134     0.000124
     7   0.00210   0.00258   0.00808     0.5000       75    0.000103     0.000086
     8   0.00210   0.00258   0.00802     0.5000       75    0.000079     0.000061
     9   0.00210   0.00258   0.00797     0.5000       75    0.000061     0.000044
    10   0.00210   0.00258   0.00794     0.5000       75    0.000048     0.000033
    11   0.00210   0.00258   0.00792     0.5000       75    0.000038     0.000024
    12   0.00209   0.00258   0.00790     0.5000       75    0.000031     0.000018
    13   0.00209   0.00258   0.00789     0.5000       75    0.000025     0.000014
    14   0.00209   0.00258   0.00788     0.5000       75    0.000021     0.000011
    15   0.00209   0.00258   0.00787     0.5000       75    0.000018     0.000009
    16   0.00209   0.00258   0.00786     0.5000       75    0.000015     0.000007
    17   0.00209   0.00258   0.00786     0.5000       75    0.000013     0.000005
    18   0.00209   0.00258   0.00785     0.5000       75    0.000011     0.000004
    19   0.00209   0.00258   0.00785     0.5000       75    0.000010     0.000003
