PA4-H-Unknown: update moved the points less than motion_tol
  iter   mean_mm    rms_mm    max_mm     eta_mm  inliers   d_rot_deg   d_trans_mm
     1   1.27352   1.40297   2.27772        inf      200    0.324946     1.501259
     2   0.76234   0.84621   1.54910        inf      200    0.145187     0.882854
     3   0.46804   0.52625   1.08638        inf      200    0.061451     0.524656
     4   0.30648   0.34780   0.79203     1.4041      200    0.016492     0.311097
     5   0.21315   0.24661   0.59446     0.9194      200    0.038641     0.190125
     6   0.15776   0.18590   0.45867     0.6394      200    0.048369     0.122577
     7   0.12258   0.14691   0.36178     0.5000      200    0.051255     0.083019
     8   0.09876   0.11936   0.28980     0.5000      200    0.050860     0.059491
     9   0.08122   0.09876   0.23517     0.5000      200    0.046884     0.044430
    10   0.06740   0.08198   0.19421     0.5000      200    0.041389     0.035655
    11   0.05625   0.06838   0.16475     0.5000      200    0.036813     0.028481
    12   0.04709   0.05721   0.13996     0.5000      200    0.032138     0.022952
    13   0.03945   0.04791   0.11882     0.5000      200    0.028191     0.018716
    14   0.03308   0.04018   0.10100     0.5000      200    0.024212     0.015357
    15   0.02778   0.03374   0.08598     0.5000      200    0.020711     0.012659
    16   0.02335   0.02838   0.07331     0.5000      200    0.017663     0.010471
    17   0.01965   0.02390   0.06264     0.5000      200    0.015031     0.008684
    18   0.01656   0.02017   0.05364     0.5000      200    0.012770     0.007213
    19   0.01399   0.01707   0.04606     0.5000      200    0.010835     0.006000
    20   0.01184   0.01449   0.03968     0.5000      200    0.009176     0.004995
    21   0.01006   0.01235   0.03424     0.5000      200    0.007798     0.004180
    22   0.00861   0.01059   0.02967     0.5000      200    0.006601     0.003478
    23   0.00743   0.00915   0.02583     0.5000      200    0.005585     0.002897
    24   0.00649   0.00799   0.02261     0.5000      200    0.004724     0.002414
    25   0.00574   0.00706   0.01990     0.5000      200    0.003996     0.002012
    26   0.00516   0.00632   0.01762     0.5000      200    0.003380     0.001677
    27   0.00469   0.00575   0.01571     0.5000      200    0.002859     0.001399
    28   0.00434   0.00531   0.01410     0.5000      200    0.002418     0.001166
    29   0.00406   0.00498   0.01275     0.5000      200    0.002045     0.000973
    30   0.00386   0.00473   0.01161     0.5000      200    0.001730     0.000811
    31   0.00371   0.00455   0.01115     0.5000      200    0.001464     0.000676
    32   0.00360   0.00442   0.01122     0.5000      200    0.001239     0.000564
    33   0.00351   0.00433   0.01127     0.5000      200    0.001049     0.000470
    34   0.00345   0.00426   0.01132     0.5000      200    0.000888     0.000392
    35   0.00340   0.00421   0.01136     0.5000      200    0.000752     0.000327
    36   0.00337   0.00417   0.01139     0.5000      200    0.000637     0.000273
    37   0.00335   0.00415   0.01141     0.5000      200    0.000540     0.000227
    38   0.00333   0.00413   0.01143     0.5000      200    0.000457     0.000190
    39   0.00331   0.00412   0.01145     0.5000      200    0.000387     0.000158
    40   0.00330   0.00411   0.01146     0.5000      200    0.000328     0.000132
    41   0.00330   0.00410   0.01148     0.5000      200    0.000279     0.000110
    42   0.00329   0.00410   0.01149     0.5000      200    0.000236     0.000092
    43   0.00329   0.00410   0.01149     0.5000      200    0.000200     0.000076
    44   0.00328   0.00409   0.01150     0.5000      200    0.000170     0.000064
    45   0.00328   0.00409   0.01151     0.5000      200    0.000144     0.000053
    46   0.00328   0.00409   0.01151     0.5000      200    0.000122     0.000044
    47   0.00327   0.00409   0.01151     0.5000      200    0.000104     0.000037
    48   0.00327   0.00409   0.01152     0.5000      200    0.000088     0.000031
    49   0.00327   0.00409   0.01152     0.5000      200    0.000074     0.000025
    50   0.00327   0.00409   0.01152     0.5000      200    0.000062     0.000021
    51   0.00327   0.00409   0.01152     0.5000      200    0.000053     0.000017
    52   0.00327   0.00409   0.01153     0.5000      200    0.000044     0.000014
    53   0.00327   0.00409   0.01153     0.5000      200    0.000038     0.000012
    54   0.00327   0.00409   0.01153     0.5000      200    0.000032     0.000010
    55   0.00327   0.00409   0.01153     0.5000      200    0.000027     0.000008
    56   0.00327   0.00409   0.01153     0.5000      200    0.000023     0.000007
    57   0.00327   0.00409   0.01153     0.5000      200    0.000019     0.000006
    58   0.00327   0.00409   0.01153     0.5000      200    0.000016     0.000005
    59   0.00327   0.00409   0.01153     0.5000      200    0.000014     0.000004
    60   0.00327   0.00409   0.01153     0.5000      200    0.000012     0.000003
    61   0.00327   0.00409   0.01153     0.5000      200    0.000010     0.000003
