PA4-A-Demo-Slow: update moved the points less than motion_tol
  iter   mean_mm    rms_mm    max_mm     eta_mm  inliers   d_rot_deg   d_trans_mm
     1   0.00213   0.00294   0.00922        inf       75    0.001584     0.001398
     2   0.00189   0.00259   0.00798        inf       75    0.001043     0.000852
     3   0.00178   0.00244   0.00721        inf       75    0.000693     0.000540
     4   0.00174   0.00237   0.00671     0.5000       75    0.000467     0.000355
     5   0.00171   0.00233   0.00658     0.5000       75    0.000320     0.000241
     6   0.00170   0.00232   0.00659     0.5000       75    0.000224     0.000168
     7   0.00169   0.00231   0.00659     0.5000       75    0.000162     0.000120
     8   0.00169   0.00231   0.00658     0.5000       75    0.000121     0.000088
     9   0.00168   0.00230   0.00657     0.5000       75    0.000094     0.000066
    10   0.00168   0.00230   0.00656     0.5000       75    0.000075     0.000050
    11   0.00168   0.00230   0.00654     0.5000       75    0.000062     0.000039
    12   0.00168   0.00230   0.00654     0.5000       75    0.000052     0.000031
    13   0.00168   0.00230   0.00653     0.5000       75    0.000044     0.000025
    14   0.00168   0.00230   0.00652     0.5000       75    0.000038     0.000021
    15   0.00168   0.00230   0.00651     0.5000       75    0.000033     0.000017
    16   0.00168   0.00230   0.00651     0.5000       75    0.000029     0.000014
    17   0.00168   0.00230   0.00651     0.5000       75    0.000025     0.000012
    18   0.00168   0.00230   0.00650     0.5000       75    0.000022     0.000010
    19   0.00168   0.00230   0.00650     0.5000       75    0.000019     0.000009
    20   0.00168   0.00230   0.00650     0.5000       75    0.000016     0.000008
    21   0.00168   0.00230   0.00649     0.5000       75    0.000014     0.000006
    22   0.00168   0.00230   0.00649     0.5000       75    0.000013     0.000006
    23   0.00168   0.00230   0.00649     0.5000       75    0.000011     0.000005
    24   0.00168   0.00230   0.00649     0.5000       75    0.000010     0.000004
    25   0.00168   0.00230   0.00649     0.5000       75    0.000008     0.000004
