PA4-B-Demo-Fast: update moved the points less than motion_tol
  iter   mean_mm    rms_mm    max_mm     eta_mm  inliers   d_rot_deg   d_trans_mm
     1   1.10731   1.28496   2.69228        inf       75    0.535350     1.007679
     2   0.84846   1.00451   2.25358        inf       75    0.252007     0.599610
     3   0.66235   0.80522   1.89420        inf       75    0.178148     0.443140
     4   0.51767   0.64812   1.57899     1.9870       75    0.097985     0.361060
     5   0.42194   0.54125   1.34076     1.5530       74    0.042613     0.261931
     6   0.35499   0.46061   1.14996     1.2658       74    0.012558     0.199349
     7   0.30629   0.39870   0.99903     1.0650       73    0.017005     0.159287
     8   0.26775   0.35127   0.87723     0.9189       73    0.034430     0.123735
     9   0.23821   0.31283   0.77359     0.8032       73    0.042858     0.102315
    10   0.21239   0.27906   0.67982     0.7146       74    0.048559     0.091352
    11   0.19060   0.25101   0.60140     0.6372       74    0.053474     0.074917
    12   0.17123   0.22654   0.53549     0.5718       74    0.056848     0.061767
    13   0.15382   0.20433   0.47430     0.5137       74    0.051655     0.057067
    14   0.13779   0.18360   0.41661     0.5000       75    0.050999     0.053571
    15   0.12390   0.16497   0.36711     0.5000       75    0.052537     0.045276
    16   0.11179   0.14871   0.32517     0.5000       75    0.050536     0.038022
    17   0.10141   0.13449   0.28940     0.5000       75    0.047489     0.032208
    18   0.09233   0.12181   0.26066     0.5000       75    0.044585     0.027675
    19   0.08411   0.11046   0.23562     0.5000       75    0.041662     0.023933
    20   0.07651   0.10017   0.21308     0.5000       75    0.038859     0.020997
    21   0.06964   0.09091   0.19300     0.5000       75    0.035949     0.018435
    22   0.06332   0.08255   0.17627     0.5000       75    0.033091     0.016249
    23   0.05745   0.07494   0.16071     0.5000       75    0.031146     0.014217
    24   0.05225   0.06810   0.14635     0.5000       75    0.028355     0.012603
    25   0.04763   0.06192   0.13446     0.5000       75    0.025869     0.011268
    26   0.04341   0.05625   0.12236     0.5000       75    0.023798     0.010097
    27   0.03949   0.05099   0.11091     0.5000       75    0.022668     0.008881
    28   0.03594   0.04626   0.10058     0.5000       75    0.020628     0.008047
    29   0.03271   0.04199   0.09123     0.5000       75    0.018785     0.007285
    30   0.02979   0.03814   0.08277     0.5000       75    0.017115     0.006597
    31   0.02713   0.03465   0.07512     0.5000       75    0.015611     0.005981
    32   0.02471   0.03149   0.06818     0.5000       75    0.014223     0.005447
    33   0.02252   0.02862   0.06186     0.5000       75    0.012955     0.004968
    34   0.02052   0.02602   0.05611     0.5000       75    0.011803     0.004527
    35   0.01870   0.02366   0.05087     0.5000       75    0.010754     0.004124
    36   0.01705   0.02152   0.04612     0.5000       75    0.009798     0.003755
    37   0.01554   0.01958   0.04179     0.5000       75    0.008926     0.003418
    38   0.01418   0.01783   0.03785     0.5000       75    0.008131     0.003110
    39   0.01295   0.01623   0.03426     0.5000       75    0.007406     0.002830
    40   0.01183   0.01478   0.03146     0.5000       75    0.006745     0.002574
    41   0.01083   0.01347   0.02903     0.5000       75    0.006142     0.002342
    42   0.00991   0.01229   0.02681     0.5000       75    0.005593     0.002130
    43   0.00908   0.01121   0.02479     0.5000       75    0.005091     0.001937
    44   0.00832   0.01024   0.02294     0.5000       75    0.004635     0.001762
    45   0.00763   0.00936   0.02125     0.5000       75    0.004218     0.001602
    46   0.00701   0.00857   0.01972     0.5000       75    0.003842     0.001456
    47   0.00644   0.00785   0.01832     0.5000       75    0.003495     0.001324
    48   0.00593   0.00721   0.01704     0.5000       75    0.003180     0.001204
    49   0.00547   0.00663   0.01588     0.5000       75    0.002893     0.001094
    50   0.00505   0.00611   0.01482     0.5000       75    0.002631     0.000995
    51   0.00467   0.00565   0.01386     0.5000       75    0.002393     0.000905
    52   0.00433   0.00524   0.01298     0.5000       75    0.002177     0.000822
    53   0.00401   0.00487   0.01218     0.5000       75    0.001980     0.000747
    54   0.00373   0.00454   0.01145     0.5000       75    0.001800     0.000679
    55   0.00348   0.00425   0.01079     0.5000       75    0.001637     0.000618
    56   0.00327   0.00400   0.01019     0.5000       75    0.001489     0.000561
    57   0.00308   0.00377   0.00964     0.5000       75    0.001353     0.000510
    58   0.00290   0.00358   0.00915     0.5000       75    0.001231     0.000464
    59   0.00275   0.00341   0.00869     0.5000       75    0.001119     0.000422
    60   0.00262   0.00326   0.00828     0.5000       75    0.001017     0.000383
    61   0.00251   0.00314   0.00790     0.5000       75    0.000925     0.000348
    62   0.00240   0.00303   0.00756     0.5000       75    0.000841     0.000316
    63   0.00231   0.00294   0.00725     0.5000       75    0.000764     0.000288
    64   0.00222   0.00286   0.00697     0.5000       75    0.000694     0.000261
    65   0.00216   0.00279   0.00672     0.5000       75    0.000631     0.000238
    66   0.00210   0.00274   0.00648     0.5000       75    0.000573     0.000216
    67   0.00205   0.00269   0.00627     0.5000       75    0.000521     0.000197
    68   0.00200   0.00265   0.00611     0.5000       75    0.000473     0.000179
    69   0.00197   0.00262   0.00600     0.5000       75    0.000430     0.000162
    70   0.00194   0.00259   0.00589     0.5000       75    0.000391     0.000148
    71   0.00192   0.00257   0.00580     0.5000       75    0.000355     0.000134
    72   0.00190   0.00255   0.00572     0.5000       75    0.000323     0.000122
    73   0.00189   0.00253   0.00569     0.5000       75    0.000294     0.000111
    74   0.00188   0.00252   0.00569     0.5000       75    0.000267     0.000101
    75   0.00188   0.00251   0.00570     0.5000       75    0.000242     0.000092
    76   0.00187   0.00250   0.00571     0.5000       75    0.000220     0.000083
    77   0.00186   0.00249   0.00571     0.5000       75    0.000200     0.000076
    78   0.00186   0.00248   0.00572     0.5000       75    0.000182     0.000069
    79   0.00186   0.00248   0.00572     0.5000       75    0.000165     0.000062
    80   0.00185   0.00248   0.00573     0.5000       75    0.000150     0.000057
    81   0.00185   0.00247   0.00573     0.5000       75    0.000137     0.000052
    82   0.00185   0.00247   0.00574     0.5000       75    0.000124     0.000047
    83   0.00185   0.00247   0.00574     0.5000       75    0.000113     0.000043
    84   0.00185   0.00246   0.00574     0.5000       75    0.000103     0.000039
    85   0.00185   0.00246   0.00575     0.5000       75    0.000093     0.000035
    86   0.00185   0.00246   0.00575     0.5000       75    0.000085     0.000032
    87   0.00185   0.00246   0.00575     0.5000       75    0.000077     0.000029
    88   0.00185   0.00246   0.00575     0.5000       75    0.000070     0.000026
    89   0.00185   0.00246   0.00575     0.5000       75    0.000064     0.000024
    90   0.00185   0.00246   0.00576     0.5000       75    0.000058     0.000022
    91   0.00185   0.00246   0.00576     0.5000       75    0.000052     0.000020
    92   0.00185   0.00246   0.00576     0.5000       75    0.000048     0.000018
    93   0.00185   0.00246   0.00576     0.5000       75    0.000043     0.000016
    94   0.00185   0.00246   0.00576     0.5000       75    0.000039     0.000015
    95   0.00185   0.00246   0.00576     0.5000       75    0.000036     0.000014
    96   0.00185   0.00246   0.00576     0.5000       75    0.000033     0.000012
    97   0.00185   0.00246   0.00576     0.5000       75    0.000030     0.000011
    98   0.00185   0.00246   0.00577     0.5000       75    0.000027     0.000010
    99   0.00185   0.00246   0.00577     0.5000       75    0.000024     0.000009
   100   0.00185   0.00246   0.00577     0.5000       75    0.000022     0.000008
   101   0.00185   0.00246   0.00577     0.5000       75    0.000020     0.000008
   102   0.00185   0.00246   0.00577     0.5000       75    0.000018     0.000007
   103   0.00185   0.00246   0.00577     0.5000       75    0.000017     0.000006
   104   0.00185   0.00246   0.00577     0.5000       75    0.000015     0.000006
   105   0.00185   0.00245   0.00577     0.5000       75    0.000014     0.000005
   106   0.00185   0.00245   0.00577     0.5000       75    0.000012     0.000005
   107   0.00185   0.00245   0.00577     0.5000       75    0.000011     0.000004
   108   0.00185   0.00245   0.00577     0.5000       75    0.000010     0.000004
   109   0.00185   0.00245   0.00577     0.5000       75    0.000009     0.000004
