PA5-C-Debug: converged
  step  kind       mean_mm    rms_mm    max_mm   motion_mm   lambda_1   lambda_2   lambda_3   lambda_4   lambda_5   lambda_6
     1  rigid      1.45695   2.02591   8.92959    9.07e-01     0.0000     0.0000     0.0000     0.0000     0.0000     0.0000
     2  rigid      1.38806   1.96520   8.67685    5.45e-01     0.0000     0.0000     0.0000     0.0000     0.0000     0.0000
     3  rigid      1.34592   1.93497   8.51636    3.68e-01     0.0000     0.0000     0.0000     0.0000     0.0000     0.0000
     4  rigid      1.30054   1.91945   8.66920    5.60e-01     0.0000     0.0000     0.0000     0.0000     0.0000     0.0000
     5  rigid      1.28191   1.91759   8.78195    3.97e-01     0.0000     0.0000     0.0000     0.0000     0.0000     0.0000
     6  rigid      1.27497   1.91932   8.83572    2.57e-01     0.0000     0.0000     0.0000     0.0000     0.0000     0.0000
     7  rigid      1.27371   1.92051   8.85833    1.79e-01     0.0000     0.0000     0.0000     0.0000     0.0000     0.0000
     8  rigid      1.27248   1.91999   8.86492    1.31e-01     0.0000     0.0000     0.0000     0.0000     0.0000     0.0000
     9  rigid      1.27094   1.91753   8.86192    1.10e-01     0.0000     0.0000     0.0000     0.0000     0.0000     0.0000
    10  rigid      1.26895   1.91596   8.86122    8.85e-02     0.0000     0.0000     0.0000     0.0000     0.0000     0.0000
    11  rigid      1.26693   1.91501   8.86324    7.10e-02     0.0000     0.0000     0.0000     0.0000     0.0000     0.0000
    12  rigid      1.26533   1.91444   8.86762    6.18e-02     0.0000     0.0000     0.0000     0.0000     0.0000     0.0000
    13  rigid      1.26387   1.91404   8.87215    5.16e-02     0.0000     0.0000     0.0000     0.0000     0.0000     0.0000
    14  rigid      1.26249   1.91382   8.87695    4.30e-02     0.0000     0.0000     0.0000     0.0000     0.0000     0.0000
    15  rigid      1.26143   1.91372   8.88175    3.63e-02     0.0000     0.0000     0.0000     0.0000     0.0000     0.0000
    16  rigid      1.26039   1.91371   8.88674    3.13e-02     0.0000     0.0000     0.0000     0.0000     0.0000     0.0000
    17  rigid      1.25954   1.91373   8.89137    2.65e-02     0.0000     0.0000     0.0000     0.0000     0.0000     0.0000
    18  rigid      1.25891   1.91379   8.89561    2.25e-02     0.0000     0.0000     0.0000     0.0000     0.0000     0.0000
    19  rigid      1.25847   1.91385   8.89915    1.91e-02     0.0000     0.0000     0.0000     0.0000     0.0000     0.0000
    20  rigid      1.25806   1.91391   8.90232    1.63e-02     0.0000     0.0000     0.0000     0.0000     0.0000     0.0000
    21  rigid      1.25769   1.91398   8.90512    1.40e-02     0.0000     0.0000     0.0000     0.0000     0.0000     0.0000
    22  rigid      1.25736   1.91403   8.90743    1.18e-02     0.0000     0.0000     0.0000     0.0000     0.0000     0.0000
    23  rigid      1.25709   1.91408   8.90936    9.88e-03     0.0000     0.0000     0.0000     0.0000     0.0000     0.0000
    24  rigid      1.25685   1.91412   8.91098    8.27e-03     0.0000     0.0000     0.0000     0.0000     0.0000     0.0000
    25  rigid      1.25665   1.91416   8.91234    6.92e-03     0.0000     0.0000     0.0000     0.0000     0.0000     0.0000
    26  rigid      1.25648   1.91419   8.91350    5.79e-03     0.0000     0.0000     0.0000     0.0000     0.0000     0.0000
    27  rigid      1.25633   1.91422   8.91447    4.84e-03     0.0000     0.0000     0.0000     0.0000     0.0000     0.0000
    28  rigid      1.25621   1.91424   8.91530    4.05e-03     0.0000     0.0000     0.0000     0.0000     0.0000     0.0000
    29  rigid      1.25611   1.91426   8.91599    3.37e-03     0.0000     0.0000     0.0000     0.0000     0.0000     0.0000
    30  rigid      1.25603   1.91428   8.91657    2.79e-03     0.0000     0.0000     0.0000     0.0000     0.0000     0.0000
    31  rigid      1.25596   1.91429   8.91705    2.32e-03     0.0000     0.0000     0.0000     0.0000     0.0000     0.0000
    32  rigid      1.25590   1.91430   8.91746    1.93e-03     0.0000     0.0000     0.0000     0.0000     0.0000     0.0000
    33  rigid      1.25585   1.91431   8.91780    1.60e-03     0.0000     0.0000     0.0000     0.0000     0.0000     0.0000
    34  rigid      1.25581   1.91432   8.91809    1.33e-03     0.0000     0.0000     0.0000     0.0000     0.0000     0.0000
    35  rigid      1.25577   1.91433   8.91832    1.10e-03     0.0000     0.0000     0.0000     0.0000     0.0000     0.0000
    36  rigid      1.25574   1.91433   8.91852    9.17e-04     0.0000     0.0000     0.0000     0.0000     0.0000     0.0000
    37  mode       0.95345   1.59273   7.65756    2.17e+00    -7.8470   -14.6541    -9.1341     2.1086   -21.0496    16.1015
    38  mode       0.78429   1.31683   6.87894    1.98e+00   -14.0694   -20.6333   -12.3628    -2.7951   -41.6226    29.7858
    39  mode       0.71091   1.07996   5.31470    1.92e+00   -19.2094   -20.9743   -12.8639   -11.3093   -61.4511    41.2337
    40  mode       0.69188   0.97422   4.33913    1.11e+00   -22.7149   -19.3475   -13.1615   -18.1867   -72.1807    48.8105
    41  mode       0.68967   0.91936   3.68312    7.35e-01   -24.9443   -17.0858   -13.5608   -23.7538   -78.5863    54.0489
    42  mode       0.69364   0.89158   3.24032    4.77e-01   -26.3962   -15.1940   -13.9189   -27.9800   -82.2579    57.5484
    43  mode       0.69917   0.87587   2.92603    3.61e-01   -27.4355   -13.3244   -14.8827   -31.2711   -84.6711    60.2546
    44  mode       0.70355   0.86810   2.71105    2.54e-01   -28.1904   -12.0454   -15.6703   -33.6642   -86.2134    62.1392
    45  mode       0.70665   0.86421   2.56452    1.80e-01   -28.7005   -11.2400   -16.3313   -35.4141   -87.1603    63.5230
    46  mode       0.70939   0.86228   2.46869    1.24e-01   -29.0706   -10.7166   -16.8461   -36.6019   -87.6981    64.5216
    47  rigid      0.54444   0.67531   1.93079    6.90e-01   -29.0706   -10.7166   -16.8461   -36.6019   -87.6981    64.5216
    48  rigid      0.43408   0.55251   1.61395    5.12e-01   -29.0706   -10.7166   -16.8461   -36.6019   -87.6981    64.5216
    49  rigid      0.35880   0.46596   1.45068    3.88e-01   -29.0706   -10.7166   -16.8461   -36.6019   -87.6981    64.5216
    50  rigid      0.31275   0.41876   1.38239    2.55e-01   -29.0706   -10.7166   -16.8461   -36.6019   -87.6981    64.5216
    51  rigid      0.27973   0.38400   1.30933    1.95e-01   -29.0706   -10.7166   -16.8461   -36.6019   -87.6981    64.5216
    52  rigid      0.25687   0.35762   1.23785    1.50e-01   -29.0706   -10.7166   -16.8461   -36.6019   -87.6981    64.5216
    53  rigid      0.24043   0.33852   1.17947    1.14e-01   -29.0706   -10.7166   -16.8461   -36.6019   -87.6981    64.5216
    54  rigid      0.22889   0.32356   1.12775    9.02e-02   -29.0706   -10.7166   -16.8461   -36.6019   -87.6981    64.5216
    55  rigid      0.21968   0.31087   1.07918    7.96e-02   -29.0706   -10.7166   -16.8461   -36.6019   -87.6981    64.5216
    56  rigid      0.21221   0.30009   1.03483    7.21e-02   -29.0706   -10.7166   -16.8461   -36.6019   -87.6981    64.5216
    57  rigid      0.20578   0.29041   0.99323    6.69e-02   -29.0706   -10.7166   -16.8461   -36.6019   -87.6981    64.5216
    58  rigid      0.20036   0.28136   0.95282    6.49e-02   -29.0706   -10.7166   -16.8461   -36.6019   -87.6981    64.5216
    59  rigid      0.19495   0.27192   0.90720    7.04e-02   -29.0706   -10.7166   -16.8461   -36.6019   -87.6981    64.5216
    60  rigid      0.18994   0.26258   0.85891    7.33e-02   -29.0706   -10.7166   -16.8461   -36.6019   -87.6981    64.5216
    61  rigid      0.18573   0.25455   0.81569    6.68e-02   -29.0706   -10.7166   -16.8461   -36.6019   -87.6981    64.5216
    62  rigid      0.18228   0.24790   0.77854    5.84e-02   -29.0706   -10.7166   -16.8461   -36.6019   -87.6981    64.5216
    63  rigid      0.17941   0.24185   0.74137    5.67e-02   -29.0706   -10.7166   -16.8461   -36.6019   -87.6981    64.5216
    64  rigid      0.17692   0.23700   0.71561    4.95e-02   -29.0706   -10.7166   -16.8461   -36.6019   -87.6981    64.5216
    65  rigid      0.17523   0.23307   0.71351    4.28e-02   -29.0706   -10.7166   -16.8461   -36.6019   -87.6981    64.5216
    66  rigid      0.17407   0.22994   0.71094    3.64e-02   -29.0706   -10.7166   -16.8461   -36.6019   -87.6981    64.5216
    67  rigid      0.17330   0.22748   0.70816    3.07e-02   -29.0706   -10.7166   -16.8461   -36.6019   -87.6981    64.5216
    68  rigid      0.17252   0.22509   0.70421    3.10e-02   -29.0706   -10.7166   -16.8461   -36.6019   -87.6981    64.5216
    69  rigid      0.17195   0.22307   0.70112    2.81e-02   -29.0706   -10.7166   -16.8461   -36.6019   -87.6981    64.5216
    70  rigid      0.17152   0.22102   0.69909    3.05e-02   -29.0706   -10.7166   -16.8461   -36.6019   -87.6981    64.5216
    71  rigid      0.17114   0.21903   0.69988    3.31e-02   -29.0706   -10.7166   -16.8461   -36.6019   -87.6981    64.5216
    72  rigid      0.17086   0.21749   0.69914    2.78e-02   -29.0706   -10.7166   -16.8461   -36.6019   -87.6981    64.5216
    73  rigid      0.17064   0.21625   0.69765    2.40e-02   -29.0706   -10.7166   -16.8461   -36.6019   -87.6981    64.5216
    74  rigid      0.17046   0.21526   0.69573    2.06e-02   -29.0706   -10.7166   -16.8461   -36.6019   -87.6981    64.5216
    75  rigid      0.17051   0.21417   0.69592    2.63e-02   -29.0706   -10.7166   -16.8461   -36.6019   -87.6981    64.5216
    76  rigid      0.17065   0.21313   0.69758    3.05e-02   -29.0706   -10.7166   -16.8461   -36.6019   -87.6981    64.5216
    77  rigid      0.17077   0.21236   0.69731    2.52e-02   -29.0706   -10.7166   -16.8461   -36.6019   -87.6981    64.5216
    78  rigid      0.17089   0.21178   0.69601    2.10e-02   -29.0706   -10.7166   -16.8461   -36.6019   -87.6981    64.5216
    79  rigid      0.17106   0.21133   0.69420    1.77e-02   -29.0706   -10.7166   -16.8461   -36.6019   -87.6981    64.5216
    80  rigid      0.17122   0.21098   0.69220    1.50e-02   -29.0706   -10.7166   -16.8461   -36.6019   -87.6981    64.5216
    81  rigid      0.17134   0.21070   0.69020    1.28e-02   -29.0706   -10.7166   -16.8461   -36.6019   -87.6981    64.5216
    82  rigid      0.17146   0.21048   0.68857    1.14e-02   -29.0706   -10.7166   -16.8461   -36.6019   -87.6981    64.5216
    83  rigid      0.17159   0.21030   0.68698    9.76e-03   -29.0706   -10.7166   -16.8461   -36.6019   -87.6981    64.5216
    84  rigid      0.17173   0.21016   0.68547    8.38e-03   -29.0706   -10.7166   -16.8461   -36.6019   -87.6981    64.5216
    85  rigid      0.17185   0.21004   0.68407    7.21e-03   -29.0706   -10.7166   -16.8461   -36.6019   -87.6981    64.5216
    86  rigid      0.17196   0.20995   0.68280    6.22e-03   -29.0706   -10.7166   -16.8461   -36.6019   -87.6981    64.5216
    87  rigid      0.17205   0.20987   0.68165    5.37e-03   -29.0706   -10.7166   -16.8461   -36.6019   -87.6981    64.5216
    88  rigid      0.17213   0.20981   0.68063    4.63e-03   -29.0706   -10.7166   -16.8461   -36.6019   -87.6981    64.5216
    89  rigid      0.17220   0.20976   0.67972    4.00e-03   -29.0706   -10.7166   -16.8461   -36.6019   -87.6981    64.5216
    90  rigid      0.17228   0.20972   0.67890    3.42e-03   -29.0706   -10.7166   -16.8461   -36.6019   -87.6981    64.5216
    91  rigid      0.17272   0.20959   0.67659    4.51e-03   -29.0706   -10.7166   -16.8461   -36.6019   -87.6981    64.5216
    92  rigid      0.17302   0.20950   0.67466    4.02e-03   -29.0706   -10.7166   -16.8461   -36.6019   -87.6981    64.5216
    93  rigid      0.17324   0.20944   0.67305    3.54e-03   -29.0706   -10.7166   -16.8461   -36.6019   -87.6981    64.5216
    94  rigid      0.17340   0.20939   0.67169    3.11e-03   -29.0706   -10.7166   -16.8461   -36.6019   -87.6981    64.5216
    95  rigid      0.17352   0.20935   0.67054    2.71e-03   -29.0706   -10.7166   -16.8461   -36.6019   -87.6981    64.5216
    96  rigid      0.17362   0.20932   0.66956    2.36e-03   -29.0706   -10.7166   -16.8461   -36.6019   -87.6981    64.5216
    97  rigid      0.17370   0.20929   0.66874    2.05e-03   -29.0706   -10.7166   -16.8461   -36.6019   -87.6981    64.5216
    98  rigid      0.17377   0.20927   0.66805    1.78e-03   -29.0706   -10.7166   -16.8461   -36.6019   -87.6981    64.5216
    99  rigid      0.17382   0.20926   0.66747    1.54e-03   -29.0706   -10.7166   -16.8461   -36.6019   -87.6981    64.5216
   100  rigid      0.17387   0.20924   0.66696    1.33e-03   -29.0706   -10.7166   -16.8461   -36.6019   -87.6981    64.5216
   101  rigid      0.17390   0.20923   0.66653    1.15e-03   -29.0706   -10.7166   -16.8461   -36.6019   -87.6981    64.5216
   102  rigid      0.17394   0.20922   0.66616    9.86e-04   -29.0706   -10.7166   -16.8461   -36.6019   -87.6981    64.5216
   103  mode       0.10292   0.13089   0.39841    3.16e-01   -29.5151   -14.8828   -18.2816   -37.0840   -90.5222    65.7839
   104  mode       0.07390   0.09767   0.29868    1.77e-01   -29.7786   -17.1241   -19.1463   -37.4411   -91.9291    66.5133
   105  mode       0.06628   0.08531   0.25930    1.02e-01   -29.9613   -18.3293   -19.7278   -37.6852   -92.6094    66.9566
   106  mode       0.06448   0.08098   0.23742    6.05e-02   -30.1008   -18.9886   -20.1213   -37.8457   -92.9298    67.2428
   107  mode       0.06394   0.07939   0.22496    3.69e-02   -30.2136   -19.3532   -20.3986   -37.9489   -93.0655    67.4346
   108  mode       0.06374   0.07873   0.21560    2.35e-02   -30.3083   -19.5581   -20.6014   -38.0136   -93.1088    67.5677
   109  mode       0.06365   0.07840   0.20839    1.61e-02   -30.3872   -19.6727   -20.7602   -38.0592   -93.1112    67.6656
   110  mode       0.06358   0.07821   0.20254    1.11e-02   -30.4556   -19.7405   -20.8826   -38.0862   -93.0929    67.7375
   111  mode       0.06352   0.07810   0.19770    9.40e-03   -30.5148   -19.7823   -20.9788   -38.1015   -93.0665    67.7913
   112  mode       0.06349   0.07802   0.19364    7.97e-03   -30.5661   -19.8096   -21.0557   -38.1095   -93.0384    67.8323
   113  rigid      0.04956   0.06294   0.17331    5.91e-02   -30.5661   -19.8096   -21.0557   -38.1095   -93.0384    67.8323
   114  rigid      0.04100   0.05391   0.15880    4.00e-02   -30.5661   -19.8096   -21.0557   -38.1095   -93.0384    67.8323
   115  rigid      0.03549   0.04795   0.14809    2.81e-02   -30.5661   -19.8096   -21.0557   -38.1095   -93.0384    67.8323
   116  rigid      0.03197   0.04375   0.13980    2.11e-02   -30.5661   -19.8096   -21.0557   -38.1095   -93.0384    67.8323
   117  rigid      0.02955   0.04064   0.13327    1.88e-02   -30.5661   -19.8096   -21.0557   -38.1095   -93.0384    67.8323
   118  rigid      0.02774   0.03827   0.12799    1.65e-02   -30.5661   -19.8096   -21.0557   -38.1095   -93.0384    67.8323
   119  rigid      0.02655   0.03645   0.12362    1.45e-02   -30.5661   -19.8096   -21.0557   -38.1095   -93.0384    67.8323
   120  rigid      0.02576   0.03505   0.11995    1.27e-02   -30.5661   -19.8096   -21.0557   -38.1095   -93.0384    67.8323
   121  rigid      0.02522   0.03397   0.11684    1.10e-02   -30.5661   -19.8096   -21.0557   -38.1095   -93.0384    67.8323
   122  rigid      0.02487   0.03314   0.11418    9.56e-03   -30.5661   -19.8096   -21.0557   -38.1095   -93.0384    67.8323
   123  rigid      0.02463   0.03251   0.11189    8.29e-03   -30.5661   -19.8096   -21.0557   -38.1095   -93.0384    67.8323
   124  rigid      0.02453   0.03203   0.10992    7.17e-03   -30.5661   -19.8096   -21.0557   -38.1095   -93.0384    67.8323
   125  rigid      0.02446   0.03167   0.10820    6.20e-03   -30.5661   -19.8096   -21.0557   -38.1095   -93.0384    67.8323
   126  rigid      0.02441   0.03140   0.10724    5.36e-03   -30.5661   -19.8096   -21.0557   -38.1095   -93.0384    67.8323
   127  rigid      0.02436   0.03119   0.10641    4.63e-03   -30.5661   -19.8096   -21.0557   -38.1095   -93.0384    67.8323
   128  rigid      0.02434   0.03104   0.10569    4.00e-03   -30.5661   -19.8096   -21.0557   -38.1095   -93.0384    67.8323
   129  rigid      0.02433   0.03092   0.10507    3.46e-03   -30.5661   -19.8096   -21.0557   -38.1095   -93.0384    67.8323
   130  rigid      0.02433   0.03084   0.10453    2.95e-03   -30.5661   -19.8096   -21.0557   -38.1095   -93.0384    67.8323
   131  rigid      0.02434   0.03078   0.10406    2.52e-03   -30.5661   -19.8096   -21.0557   -38.1095   -93.0384    67.8323
   132  rigid      0.02434   0.03073   0.10366    2.18e-03   -30.5661   -19.8096   -21.0557   -38.1095   -93.0384    67.8323
   133  rigid      0.02434   0.03070   0.10330    1.89e-03   -30.5661   -19.8096   -21.0557   -38.1095   -93.0384    67.8323
   134  rigid      0.02435   0.03067   0.10300    1.63e-03   -30.5661   -19.8096   -21.0557   -38.1095   -93.0384    67.8323
   135  rigid      0.02436   0.03065   0.10273    1.41e-03   -30.5661   -19.8096   -21.0557   -38.1095   -93.0384    67.8323
   136  rigid      0.02437   0.03064   0.10250    1.22e-03   -30.5661   -19.8096   -21.0557   -38.1095   -93.0384    67.8323
   137  rigid      0.02438   0.03062   0.10230    1.05e-03   -30.5661   -19.8096   -21.0557   -38.1095   -93.0384    67.8323
   138  rigid      0.02439   0.03062   0.10212    9.08e-04   -30.5661   -19.8096   -21.0557   -38.1095   -93.0384    67.8323
   139  mode       0.01570   0.02097   0.08404    3.73e-02   -30.6804   -20.4851   -21.1634   -38.1864   -93.1720    67.9497
   140  mode       0.01226   0.01662   0.07381    2.08e-02   -30.7732   -20.8725   -21.2270   -38.2320   -93.1996    68.0208
   141  mode       0.01103   0.01473   0.06633    1.34e-02   -30.8500   -21.0987   -21.2685   -38.2578   -93.1819    68.0659
   142  mode       0.01046   0.01387   0.06062    9.77e-03   -30.9148   -21.2339   -21.2986   -38.2717   -93.1477    68.0960
   143  mode       0.01020   0.01344   0.05617    7.30e-03   -30.9688   -21.3166   -21.3229   -38.2783   -93.1110    68.1167
   144  mode       0.01010   0.01320   0.05264    5.60e-03   -31.0140   -21.3686   -21.3437   -38.2805   -93.0772    68.1316
   145  mode       0.01009   0.01306   0.04980    4.38e-03   -31.0519   -21.4024   -21.3621   -38.2805   -93.0482    68.1426
   146  mode       0.01009   0.01296   0.04748    3.48e-03   -31.0836   -21.4250   -21.3786   -38.2792   -93.0242    68.1509
   147  mode       0.01009   0.01290   0.04558    2.80e-03   -31.1102   -21.4406   -21.3933   -38.2774   -93.0046    68.1574
   148  mode       0.01008   0.01286   0.04401    2.28e-03   -31.1324   -21.4517   -21.4064   -38.2754   -92.9887    68.1626
   149  rigid      0.00824   0.01092   0.04014    7.44e-03   -31.1324   -21.4517   -21.4064   -38.2754   -92.9887    68.1626
   150  rigid      0.00713   0.00966   0.03722    5.33e-03   -31.1324   -21.4517   -21.4064   -38.2754   -92.9887    68.1626
   151  rigid      0.00638   0.00879   0.03495    4.26e-03   -31.1324   -21.4517   -21.4064   -38.2754   -92.9887    68.1626
   152  rigid      0.00583   0.00815   0.03313    3.69e-03   -31.1324   -21.4517   -21.4064   -38.2754   -92.9887    68.1626
   153  rigid      0.00546   0.00766   0.03166    3.26e-03   -31.1324   -21.4517   -21.4064   -38.2754   -92.9887    68.1626
   154  rigid      0.00520   0.00728   0.03043    2.86e-03   -31.1324   -21.4517   -21.4064   -38.2754   -92.9887    68.1626
   155  rigid      0.00502   0.00698   0.02941    2.50e-03   -31.1324   -21.4517   -21.4064   -38.2754   -92.9887    68.1626
   156  rigid      0.00490   0.00676   0.02855    2.17e-03   -31.1324   -21.4517   -21.4064   -38.2754   -92.9887    68.1626
   157  rigid      0.00482   0.00658   0.02781    1.89e-03   -31.1324   -21.4517   -21.4064   -38.2754   -92.9887    68.1626
   158  rigid      0.00476   0.00644   0.02717    1.67e-03   -31.1324   -21.4517   -21.4064   -38.2754   -92.9887    68.1626
   159  rigid      0.00472   0.00634   0.02662    1.45e-03   -31.1324   -21.4517   -21.4064   -38.2754   -92.9887    68.1626
   160  rigid      0.00468   0.00626   0.02614    1.25e-03   -31.1324   -21.4517   -21.4064   -38.2754   -92.9887    68.1626
   161  rigid      0.00466   0.00620   0.02587    1.08e-03   -31.1324   -21.4517   -21.4064   -38.2754   -92.9887    68.1626
   162  rigid      0.00465   0.00616   0.02565    9.32e-04   -31.1324   -21.4517   -21.4064   -38.2754   -92.9887    68.1626
   163  combined   0.00364   0.00494   0.02163    5.94e-03   -31.1656   -21.5618   -21.4177   -38.2793   -92.9865    68.1748
   164  combined   0.00312   0.00426   0.01857    4.36e-03   -31.1938   -21.6291   -21.4254   -38.2805   -92.9750    68.1823
   165  combined   0.00283   0.00382   0.01603    3.37e-03   -31.2176   -21.6726   -21.4313   -38.2802   -92.9610    68.1870
   166  combined   0.00263   0.00350   0.01393    2.68e-03   -31.2378   -21.7025   -21.4364   -38.2791   -92.9473    68.1902
   167  combined   0.00248   0.00326   0.01233    2.17e-03   -31.2548   -21.7241   -21.4410   -38.2778   -92.9351    68.1925
   168  combined   0.00236   0.00307   0.01099    1.79e-03   -31.2693   -21.7404   -21.4453   -38.2763   -92.9245    68.1940
   169  combined   0.00227   0.00292   0.00985    1.49e-03   -31.2817   -21.7531   -21.4492   -38.2748   -92.9154    68.1950
   170  combined   0.00220   0.00280   0.00888    1.25e-03   -31.2923   -21.7633   -21.4527   -38.2734   -92.9077    68.1956
   171  combined   0.00214   0.00270   0.00804    1.06e-03   -31.3015   -21.7716   -21.4559   -38.2720   -92.9011    68.1959
   172  combined   0.00209   0.00262   0.00732    9.09e-04   -31.3093   -21.7786   -21.4588   -38.2708   -92.8955    68.1960
   173  combined   0.00206   0.00256   0.00676    7.83e-04   -31.3161   -21.7845   -21.4614   -38.2696   -92.8908    68.1960
   174  combined   0.00203   0.00251   0.00662    6.78e-04   -31.3221   -21.7895   -21.4636   -38.2686   -92.8867    68.1958
   175  combined   0.00200   0.00247   0.00649    5.90e-04   -31.3272   -21.7938   -21.4656   -38.2676   -92.8831    68.1956
   176  combined   0.00199   0.00244   0.00638    5.14e-04   -31.3317   -21.7975   -21.4673   -38.2667   -92.8801    68.1953
   177  combined   0.00198   0.00241   0.00628    4.49e-04   -31.3356   -21.8008   -21.4688   -38.2660   -92.8775    68.1950
   178  combined   0.00197   0.00239   0.00619    3.93e-04   -31.3390   -21.8036   -21.4701   -38.2653   -92.8752    68.1947
   179  combined   0.00196   0.00237   0.00611    3.44e-04   -31.3420   -21.8061   -21.4713   -38.2647   -92.8732    68.1944
   180  combined   0.00195   0.00236   0.00604    3.02e-04   -31.3446   -21.8083   -21.4722   -38.2641   -92.8714    68.1941
   181  combined   0.00194   0.00235   0.00598    2.66e-04   -31.3469   -21.8102   -21.4731   -38.2636   -92.8699    68.1938
   182  combined   0.00194   0.00234   0.00592    2.34e-04   -31.3489   -21.8119   -21.4738   -38.2632   -92.8686    68.1935
   183  combined   0.00193   0.00234   0.00588    2.06e-04   -31.3506   -21.8134   -21.4744   -38.2628   -92.8674    68.1932
   184  combined   0.00193   0.00233   0.00583    1.81e-04   -31.3522   -21.8147   -21.4749   -38.2624   -92.8664    68.1930
   185  combined   0.00193   0.00233   0.00580    1.60e-04   -31.3535   -21.8159   -21.4754   -38.2621   -92.8655    68.1927
   186  combined   0.00193   0.00232   0.00579    1.41e-04   -31.3547   -21.8170   -21.4758   -38.2619   -92.8647    68.1925
   187  combined   0.00192   0.00232   0.00579    1.24e-04   -31.3558   -21.8179   -21.4761   -38.2616   -92.8640    68.1923
   188  combined   0.00192   0.00232   0.00579    1.10e-04   -31.3567   -21.8187   -21.4764   -38.2614   -92.8634    68.1921
   189  combined   0.00192   0.00232   0.00579    9.68e-05   -31.3575   -21.8194   -21.4767   -38.2612   -92.8629    68.1920
   190  combined   0.00192   0.00232   0.00579    8.55e-05   -31.3582   -21.8201   -21.4769   -38.2611   -92.8624    68.1918
   191  combined   0.00192   0.00232   0.00579    7.55e-05   -31.3589   -21.8206   -21.4771   -38.2609   -92.8620    68.1917
   192  combined   0.00192   0.00232   0.00578    6.67e-05   -31.3594   -21.8211   -21.4773   -38.2608   -92.8616    68.1915
   193  combined   0.00192   0.00232   0.00578    5.89e-05   -31.3599   -21.8216   -21.4774   -38.2607   -92.8613    68.1914
   194  combined   0.00191   0.00231   0.00578    5.21e-05   -31.3603   -21.8220   -21.4775   -38.2605   -92.8610    68.1913
   195  combined   0.00191   0.00231   0.00578    4.61e-05   -31.3607   -21.8223   -21.4776   -38.2605   -92.8607    68.1912
   196  combined   0.00191   0.00231   0.00578    4.07e-05   -31.3611   -21.8226   -21.4777   -38.2604   -92.8605    68.1912
   197  combined   0.00191   0.00231   0.00578    3.60e-05   -31.3614   -21.8229   -21.4778   -38.2603   -92.8603    68.1911
   198  combined   0.00191   0.00231   0.00578    3.19e-05   -31.3616   -21.8232   -21.4778   -38.2602   -92.8601    68.1910
   199  combined   0.00191   0.00231   0.00578    2.82e-05   -31.3618   -21.8234   -21.4779   -38.2602   -92.8600    68.1910
   200  combined   0.00191   0.00231   0.00578    2.50e-05   -31.3620   -21.8236   -21.4780   -38.2601   -92.8598    68.1909
   201  combined   0.00191   0.00231   0.00578    2.21e-05   -31.3622   -21.8238   -21.4780   -38.2601   -92.8597    68.1909
   202  combined   0.00191   0.00231   0.00578    1.96e-05   -31.3624   -21.8239   -21.4780   -38.2600   -92.8596    68.1908
   203  combined   0.00191   0.00231   0.00578    1.74e-05   -31.3625   -21.8241   -21.4781   -38.2600   -92.8595    68.1908
   204  combined   0.00191   0.00231   0.00577    1.55e-05   -31.3627   -21.8242   -21.4781   -38.2600   -92.8594    68.1907
   205  combined   0.00191   0.00231   0.00577    1.38e-05   -31.3628   -21.8243   -21.4781   -38.2599   -92.8593    68.1907
   206  combined   0.00191   0.00231   0.00577    1.23e-05   -31.3629   -21.8244   -21.4781   -38.2599   -92.8593    68.1907
   207  combined   0.00191   0.00231   0.00577    1.09e-05   -31.3630   -21.8245   -21.4782   -38.2599   -92.8592    68.1907
   208  combined   0.00191   0.00231   0.00577    9.69e-06   -31.3630   -21.8245   -21.4782   -38.2599   -92.8591    68.1906
