PA5-A-Debug: converged
  step  kind       mean_mm    rms_mm    max_mm   motion_mm   lambda_1   lambda_2   lambda_3   lambda_4   lambda_5   lambda_6
     1  rigid      1.39223   1.97535   6.99096    3.11e-01     0.0000     0.0000     0.0000     0.0000     0.0000     0.0000
     2  rigid      1.39882   1.96583   6.90822    2.10e-01     0.0000     0.0000     0.0000     0.0000     0.0000     0.0000
     3  rigid      1.40537   1.96141   6.84662    1.39e-01     0.0000     0.0000     0.0000     0.0000     0.0000     0.0000
     4  rigid      1.38674   1.97082   7.08892    2.73e-01     0.0000     0.0000     0.0000     0.0000     0.0000     0.0000
     5  rigid      1.37661   1.98641   7.30277    2.49e-01     0.0000     0.0000     0.0000     0.0000     0.0000     0.0000
     6  rigid      1.37151   2.00230   7.46595    1.98e-01     0.0000     0.0000     0.0000     0.0000     0.0000     0.0000
     7  rigid      1.36801   2.01691   7.59510    1.60e-01     0.0000     0.0000     0.0000     0.0000     0.0000     0.0000
     8  rigid      1.36589   2.03075   7.70383    1.41e-01     0.0000     0.0000     0.0000     0.0000     0.0000     0.0000
     9  rigid      1.36493   2.04297   7.79125    1.18e-01     0.0000     0.0000     0.0000     0.0000     0.0000     0.0000
    10  rigid      1.36504   2.05366   7.86302    9.90e-02     0.0000     0.0000     0.0000     0.0000     0.0000     0.0000
    11  rigid      1.36658   2.06305   7.92325    8.45e-02     0.0000     0.0000     0.0000     0.0000     0.0000     0.0000
    12  rigid      1.36800   2.07095   7.97155    6.98e-02     0.0000     0.0000     0.0000     0.0000     0.0000     0.0000
    13  rigid      1.36931   2.07775   8.01189    5.70e-02     0.0000     0.0000     0.0000     0.0000     0.0000     0.0000
    14  rigid      1.37055   2.08343   8.04453    4.69e-02     0.0000     0.0000     0.0000     0.0000     0.0000     0.0000
    15  rigid      1.37161   2.08845   8.07221    4.44e-02     0.0000     0.0000     0.0000     0.0000     0.0000     0.0000
    16  rigid      1.37261   2.09265   8.09492    3.64e-02     0.0000     0.0000     0.0000     0.0000     0.0000     0.0000
    17  rigid      1.37381   2.09624   8.11370    3.19e-02     0.0000     0.0000     0.0000     0.0000     0.0000     0.0000
    18  rigid      1.37485   2.09923   8.12908    2.61e-02     0.0000     0.0000     0.0000     0.0000     0.0000     0.0000
    19  rigid      1.37588   2.10177   8.14200    2.17e-02     0.0000     0.0000     0.0000     0.0000     0.0000     0.0000
    20  rigid      1.37674   2.10419   8.15342    2.50e-02     0.0000     0.0000     0.0000     0.0000     0.0000     0.0000
    21  rigid      1.37748   2.10624   8.16301    2.09e-02     0.0000     0.0000     0.0000     0.0000     0.0000     0.0000
    22  rigid      1.37810   2.10796   8.17101    1.75e-02     0.0000     0.0000     0.0000     0.0000     0.0000     0.0000
    23  rigid      1.37862   2.10942   8.17767    1.47e-02     0.0000     0.0000     0.0000     0.0000     0.0000     0.0000
    24  rigid      1.37917   2.11063   8.18319    1.23e-02     0.0000     0.0000     0.0000     0.0000     0.0000     0.0000
    25  rigid      1.37967   2.11165   8.18777    1.03e-02     0.0000     0.0000     0.0000     0.0000     0.0000     0.0000
    26  rigid      1.38016   2.11258   8.19198    9.03e-03     0.0000     0.0000     0.0000     0.0000     0.0000     0.0000
    27  rigid      1.38055   2.11334   8.19540    7.71e-03     0.0000     0.0000     0.0000     0.0000     0.0000     0.0000
    28  rigid      1.38087   2.11397   8.19815    6.55e-03     0.0000     0.0000     0.0000     0.0000     0.0000     0.0000
    29  rigid      1.38112   2.11448   8.20039    5.54e-03     0.0000     0.0000     0.0000     0.0000     0.0000     0.0000
    30  rigid      1.38132   2.11490   8.20218    4.63e-03     0.0000     0.0000     0.0000     0.0000     0.0000     0.0000
    31  rigid      1.38149   2.11524   8.20362    3.87e-03     0.0000     0.0000     0.0000     0.0000     0.0000     0.0000
    32  rigid      1.38162   2.11552   8.20478    3.23e-03     0.0000     0.0000     0.0000     0.0000     0.0000     0.0000
    33  rigid      1.38173   2.11575   8.20573    2.72e-03     0.0000     0.0000     0.0000     0.0000     0.0000     0.0000
    34  rigid      1.38182   2.11594   8.20651    2.29e-03     0.0000     0.0000     0.0000     0.0000     0.0000     0.0000
    35  rigid      1.38189   2.11610   8.20715    1.93e-03     0.0000     0.0000     0.0000     0.0000     0.0000     0.0000
    36  rigid      1.38195   2.11623   8.20768    1.63e-03     0.0000     0.0000     0.0000     0.0000     0.0000     0.0000
    37  rigid      1.38200   2.11634   8.20812    1.38e-03     0.0000     0.0000     0.0000     0.0000     0.0000     0.0000
    38  rigid      1.38205   2.11643   8.20848    1.17e-03     0.0000     0.0000     0.0000     0.0000     0.0000     0.0000
    39  rigid      1.38208   2.11651   8.20879    9.95e-04     0.0000     0.0000     0.0000     0.0000     0.0000     0.0000
    40  mode       1.02868   1.50918   5.61162    2.92e+00    40.0371    12.8704    12.5404     7.2081    -3.6766     0.1124
    41  mode       0.83302   1.17735   4.08482    1.85e+00    63.9574    20.1791    21.6448    14.1140    -9.2641    -0.7486
    42  mode       0.69746   0.95708   3.11819    1.47e+00    79.0433    25.9753    28.9104    20.7398   -16.4492    -2.3031
    43  mode       0.61553   0.81058   2.58666    1.15e+00    89.0704    30.6743    34.3734    26.9956   -22.6629    -4.7593
    44  mode       0.54972   0.70398   2.21172    9.02e-01    96.2809    34.3634    38.9852    32.0461   -27.8839    -7.1261
    45  mode       0.49654   0.62451   1.92339    7.40e-01   101.6946    37.2163    43.3646    36.0560   -32.6283    -9.3616
    46  mode       0.45861   0.57303   1.70823    5.55e-01   105.4693    39.6476    46.8004    39.1382   -36.3152   -11.5069
    47  mode       0.43695   0.54115   1.55348    4.19e-01   108.1488    41.3488    49.4568    41.4746   -39.1631   -13.4163
    48  mode       0.42311   0.52054   1.43568    3.29e-01   110.2047    42.5323    51.5669    43.3008   -41.3861   -15.1292
    49  mode       0.41529   0.50719   1.34353    2.57e-01   111.8399    43.3510    53.2884    44.7299   -43.0284   -16.6257
    50  rigid      0.33529   0.41612   1.21873    2.49e-01   111.8399    43.3510    53.2884    44.7299   -43.0284   -16.6257
    51  rigid      0.28561   0.35802   1.12182    1.79e-01   111.8399    43.3510    53.2884    44.7299   -43.0284   -16.6257
    52  rigid      0.24988   0.31634   1.04445    1.46e-01   111.8399    43.3510    53.2884    44.7299   -43.0284   -16.6257
    53  rigid      0.22541   0.28897   0.98776    1.10e-01   111.8399    43.3510    53.2884    44.7299   -43.0284   -16.6257
    54  rigid      0.20810   0.26958   0.93766    8.99e-02   111.8399    43.3510    53.2884    44.7299   -43.0284   -16.6257
    55  rigid      0.19642   0.25531   0.96177    7.50e-02   111.8399    43.3510    53.2884    44.7299   -43.0284   -16.6257
    56  rigid      0.18758   0.24435   0.98800    6.50e-02   111.8399    43.3510    53.2884    44.7299   -43.0284   -16.6257
    57  rigid      0.18135   0.23612   1.00805    5.54e-02   111.8399    43.3510    53.2884    44.7299   -43.0284   -16.6257
    58  rigid      0.17658   0.22982   1.02380    4.82e-02   111.8399    43.3510    53.2884    44.7299   -43.0284   -16.6257
    59  rigid      0.17266   0.22505   1.03640    4.14e-02   111.8399    43.3510    53.2884    44.7299   -43.0284   -16.6257
    60  rigid      0.16974   0.22156   1.04529    3.69e-02   111.8399    43.3510    53.2884    44.7299   -43.0284   -16.6257
    61  rigid      0.16768   0.21894   1.05317    3.11e-02   111.8399    43.3510    53.2884    44.7299   -43.0284   -16.6257
    62  rigid      0.16585   0.21676   1.06351    2.91e-02   111.8399    43.3510    53.2884    44.7299   -43.0284   -16.6257
    63  rigid      0.16480   0.21517   1.07159    2.47e-02   111.8399    43.3510    53.2884    44.7299   -43.0284   -16.6257
    64  rigid      0.16396   0.21383   1.07775    2.69e-02   111.8399    43.3510    53.2884    44.7299   -43.0284   -16.6257
    65  rigid      0.16322   0.21277   1.08385    2.46e-02   111.8399    43.3510    53.2884    44.7299   -43.0284   -16.6257
    66  rigid      0.16256   0.21200   1.08821    2.05e-02   111.8399    43.3510    53.2884    44.7299   -43.0284   -16.6257
    67  rigid      0.16206   0.21143   1.09146    1.73e-02   111.8399    43.3510    53.2884    44.7299   -43.0284   -16.6257
    68  rigid      0.16170   0.21100   1.09401    1.48e-02   111.8399    43.3510    53.2884    44.7299   -43.0284   -16.6257
    69  rigid      0.16137   0.21067   1.09616    1.30e-02   111.8399    43.3510    53.2884    44.7299   -43.0284   -16.6257
    70  rigid      0.16112   0.21044   1.09792    1.11e-02   111.8399    43.3510    53.2884    44.7299   -43.0284   -16.6257
    71  rigid      0.16091   0.21026   1.09937    9.61e-03   111.8399    43.3510    53.2884    44.7299   -43.0284   -16.6257
    72  rigid      0.16073   0.21013   1.10060    8.28e-03   111.8399    43.3510    53.2884    44.7299   -43.0284   -16.6257
    73  rigid      0.16058   0.21004   1.10164    7.13e-03   111.8399    43.3510    53.2884    44.7299   -43.0284   -16.6257
    74  rigid      0.16044   0.20997   1.10253    6.15e-03   111.8399    43.3510    53.2884    44.7299   -43.0284   -16.6257
    75  rigid      0.16035   0.20992   1.10328    5.30e-03   111.8399    43.3510    53.2884    44.7299   -43.0284   -16.6257
    76  rigid      0.16028   0.20989   1.10393    4.57e-03   111.8399    43.3510    53.2884    44.7299   -43.0284   -16.6257
    77  rigid      0.16023   0.20986   1.10449    3.94e-03   111.8399    43.3510    53.2884    44.7299   -43.0284   -16.6257
    78  rigid      0.16018   0.20985   1.10497    3.40e-03   111.8399    43.3510    53.2884    44.7299   -43.0284   -16.6257
    79  rigid      0.16014   0.20983   1.10537    2.93e-03   111.8399    43.3510    53.2884    44.7299   -43.0284   -16.6257
    80  rigid      0.16010   0.20983   1.10573    2.53e-03   111.8399    43.3510    53.2884    44.7299   -43.0284   -16.6257
    81  rigid      0.16009   0.20982   1.10603    2.18e-03   111.8399    43.3510    53.2884    44.7299   -43.0284   -16.6257
    82  rigid      0.16007   0.20982   1.10629    1.88e-03   111.8399    43.3510    53.2884    44.7299   -43.0284   -16.6257
    83  rigid      0.16006   0.20981   1.10651    1.62e-03   111.8399    43.3510    53.2884    44.7299   -43.0284   -16.6257
    84  rigid      0.16005   0.20981   1.10670    1.40e-03   111.8399    43.3510    53.2884    44.7299   -43.0284   -16.6257
    85  rigid      0.16004   0.20981   1.10686    1.21e-03   111.8399    43.3510    53.2884    44.7299   -43.0284   -16.6257
    86  rigid      0.16004   0.20981   1.10700    1.04e-03   111.8399    43.3510    53.2884    44.7299   -43.0284   -16.6257
    87  rigid      0.16003   0.20981   1.10712    8.95e-04   111.8399    43.3510    53.2884    44.7299   -43.0284   -16.6257
    88  mode       0.12569   0.16282   0.82193    3.43e-01   111.9062    45.0390    54.2560    45.0472   -46.5981   -17.2985
    89  mode       0.10057   0.12949   0.61682    2.49e-01   112.0261    46.2933    54.9161    45.3436   -49.2198   -18.0392
    90  mode       0.08299   0.10612   0.46806    1.82e-01   112.1638    47.2257    55.3869    45.6181   -51.1494   -18.7375
    91  mode       0.07098   0.08995   0.35918    1.34e-01   112.2990    47.9155    55.7382    45.8665   -52.5785   -19.3523
    92  mode       0.06251   0.07860   0.27610    1.02e-01   112.4252    48.4456    56.0112    46.0769   -53.6731   -19.8661
    93  mode       0.05707   0.07103   0.21424    7.62e-02   112.5439    48.8378    56.2291    46.2567   -54.4944   -20.2993
    94  mode       0.05327   0.06607   0.18217    5.76e-02   112.6517    49.1278    56.4079    46.4103   -55.1177   -20.6578
    95  mode       0.05100   0.06290   0.16643    4.36e-02   112.7477    49.3420    56.5561    46.5414   -55.5910   -20.9500
    96  mode       0.04983   0.06089   0.15447    3.32e-02   112.8314    49.5005    56.6803    46.6527   -55.9512   -21.1866
    97  mode       0.04913   0.05961   0.14534    2.59e-02   112.9033    49.6179    56.7852    46.7467   -56.2258   -21.3773
    98  rigid      0.04000   0.04969   0.14032    2.99e-02   112.9033    49.6179    56.7852    46.7467   -56.2258   -21.3773
    99  rigid      0.03489   0.04347   0.13470    2.22e-02   112.9033    49.6179    56.7852    46.7467   -56.2258   -21.3773
   100  rigid      0.03140   0.03942   0.12899    1.71e-02   112.9033    49.6179    56.7852    46.7467   -56.2258   -21.3773
   101  rigid      0.02911   0.03669   0.12355    1.36e-02   112.9033    49.6179    56.7852    46.7467   -56.2258   -21.3773
   102  rigid      0.02752   0.03478   0.12470    1.11e-02   112.9033    49.6179    56.7852    46.7467   -56.2258   -21.3773
   103  rigid      0.02648   0.03341   0.12727    9.21e-03   112.9033    49.6179    56.7852    46.7467   -56.2258   -21.3773
   104  rigid      0.02566   0.03241   0.12919    7.73e-03   112.9033    49.6179    56.7852    46.7467   -56.2258   -21.3773
   105  rigid      0.02501   0.03168   0.13064    6.54e-03   112.9033    49.6179    56.7852    46.7467   -56.2258   -21.3773
   106  rigid      0.02449   0.03113   0.13177    5.57e-03   112.9033    49.6179    56.7852    46.7467   -56.2258   -21.3773
   107  rigid      0.02410   0.03073   0.13265    4.76e-03   112.9033    49.6179    56.7852    46.7467   -56.2258   -21.3773
   108  rigid      0.02381   0.03043   0.13336    4.08e-03   112.9033    49.6179    56.7852    46.7467   -56.2258   -21.3773
   109  rigid      0.02357   0.03020   0.13393    3.51e-03   112.9033    49.6179    56.7852    46.7467   -56.2258   -21.3773
   110  rigid      0.02338   0.03004   0.13439    3.05e-03   112.9033    49.6179    56.7852    46.7467   -56.2258   -21.3773
   111  rigid      0.02324   0.02992   0.13478    2.65e-03   112.9033    49.6179    56.7852    46.7467   -56.2258   -21.3773
   112  rigid      0.02314   0.02982   0.13510    2.30e-03   112.9033    49.6179    56.7852    46.7467   -56.2258   -21.3773
   113  rigid      0.02308   0.02976   0.13537    1.99e-03   112.9033    49.6179    56.7852    46.7467   -56.2258   -21.3773
   114  rigid      0.02304   0.02971   0.13560    1.73e-03   112.9033    49.6179    56.7852    46.7467   -56.2258   -21.3773
   115  rigid      0.02301   0.02967   0.13579    1.49e-03   112.9033    49.6179    56.7852    46.7467   -56.2258   -21.3773
   116  rigid      0.02298   0.02964   0.13595    1.29e-03   112.9033    49.6179    56.7852    46.7467   -56.2258   -21.3773
   117  rigid      0.02295   0.02962   0.13609    1.12e-03   112.9033    49.6179    56.7852    46.7467   -56.2258   -21.3773
   118  rigid      0.02293   0.02961   0.13620    9.64e-04   112.9033    49.6179    56.7852    46.7467   -56.2258   -21.3773
   119  mode       0.01810   0.02311   0.09984    4.54e-02   112.8143    49.7400    56.8759    46.7580   -56.7788   -21.4834
   120  mode       0.01478   0.01867   0.07396    3.26e-02   112.7660    49.8488    56.9298    46.7705   -57.1735   -21.5950
   121  mode       0.01235   0.01565   0.05512    2.39e-02   112.7419    49.9402    56.9643    46.7846   -57.4605   -21.6970
   122  mode       0.01075   0.01364   0.04460    1.76e-02   112.7317    50.0138    56.9877    46.7995   -57.6711   -21.7848
   123  mode       0.00984   0.01234   0.03981    1.31e-02   112.7294    50.0718    57.0050    46.8143   -57.8271   -21.8578
   124  mode       0.00924   0.01151   0.03619    9.85e-03   112.7314    50.1167    57.0186    46.8285   -57.9436   -21.9172
   125  mode       0.00887   0.01100   0.03345    7.43e-03   112.7356    50.1513    57.0299    46.8416   -58.0309   -21.9650
   126  mode       0.00862   0.01068   0.03137    5.64e-03   112.7408    50.1776    57.0396    46.8534   -58.0968   -22.0031
   127  mode       0.00845   0.01049   0.02980    4.29e-03   112.7461    50.1976    57.0481    46.8638   -58.1466   -22.0334
   128  mode       0.00833   0.01038   0.02859    3.27e-03   112.7513    50.2127    57.0556    46.8729   -58.1844   -22.0574
   129  rigid      0.00698   0.00879   0.02734    4.79e-03   112.7513    50.2127    57.0556    46.8729   -58.1844   -22.0574
   130  rigid      0.00608   0.00777   0.02609    3.59e-03   112.7513    50.2127    57.0556    46.8729   -58.1844   -22.0574
   131  rigid      0.00548   0.00709   0.02490    2.84e-03   112.7513    50.2127    57.0556    46.8729   -58.1844   -22.0574
   132  rigid      0.00510   0.00662   0.02381    2.33e-03   112.7513    50.2127    57.0556    46.8729   -58.1844   -22.0574
   133  rigid      0.00482   0.00628   0.02282    1.95e-03   112.7513    50.2127    57.0556    46.8729   -58.1844   -22.0574
   134  rigid      0.00463   0.00603   0.02194    1.65e-03   112.7513    50.2127    57.0556    46.8729   -58.1844   -22.0574
   135  rigid      0.00451   0.00585   0.02116    1.40e-03   112.7513    50.2127    57.0556    46.8729   -58.1844   -22.0574
   136  rigid      0.00444   0.00571   0.02048    1.20e-03   112.7513    50.2127    57.0556    46.8729   -58.1844   -22.0574
   137  rigid      0.00440   0.00561   0.01988    1.03e-03   112.7513    50.2127    57.0556    46.8729   -58.1844   -22.0574
   138  rigid      0.00436   0.00554   0.01936    8.80e-04   112.7513    50.2127    57.0556    46.8729   -58.1844   -22.0574
   139  combined   0.00367   0.00471   0.01640    6.73e-03   112.7332    50.2391    57.0565    46.8796   -58.2641   -22.0773
   140  combined   0.00317   0.00413   0.01406    5.00e-03   112.7213    50.2606    57.0558    46.8840   -58.3236   -22.0956
   141  combined   0.00284   0.00371   0.01218    3.78e-03   112.7130    50.2779    57.0544    46.8870   -58.3686   -22.1112
   142  combined   0.00261   0.00340   0.01095    2.90e-03   112.7070    50.2918    57.0529    46.8892   -58.4033   -22.1242
   143  combined   0.00244   0.00318   0.01036    2.25e-03   112.7025    50.3028    57.0514    46.8909   -58.4303   -22.1347
   144  combined   0.00231   0.00302   0.00988    1.77e-03   112.6990    50.3115    57.0500    46.8922   -58.4515   -22.1432
   145  combined   0.00223   0.00290   0.00949    1.40e-03   112.6961    50.3184    57.0487    46.8931   -58.4682   -22.1499
   146  combined   0.00217   0.00282   0.00916    1.11e-03   112.6937    50.3240    57.0476    46.8939   -58.4816   -22.1553
   147  combined   0.00213   0.00276   0.00889    8.88e-04   112.6917    50.3284    57.0466    46.8944   -58.4923   -22.1596
   148  combined   0.00210   0.00271   0.00866    7.16e-04   112.6900    50.3320    57.0457    46.8947   -58.5010   -22.1630
   149  combined   0.00208   0.00268   0.00847    5.80e-04   112.6884    50.3348    57.0449    46.8949   -58.5080   -22.1658
   150  combined   0.00207   0.00265   0.00830    4.71e-04   112.6871    50.3371    57.0442    46.8949   -58.5137   -22.1679
   151  combined   0.00207   0.00263   0.00816    3.84e-04   112.6859    50.3390    57.0436    46.8949   -58.5184   -22.1696
   152  combined   0.00207   0.00262   0.00804    3.14e-04   112.6848    50.3405    57.0430    46.8948   -58.5222   -22.1709
   153  combined   0.00206   0.00261   0.00794    2.58e-04   112.6839    50.3417    57.0425    46.8946   -58.5253   -22.1720
   154  combined   0.00206   0.00260   0.00785    2.12e-04   112.6831    50.3427    57.0421    46.8944   -58.5279   -22.1728
   155  combined   0.00206   0.00260   0.00777    1.77e-04   112.6823    50.3435    57.0416    46.8942   -58.5301   -22.1735
   156  combined   0.00206   0.00259   0.00770    1.51e-04   112.6817    50.3442    57.0413    46.8939   -58.5319   -22.1740
   157  combined   0.00206   0.00259   0.00764    1.29e-04   112.6811    50.3448    57.0409    46.8937   -58.5334   -22.1743
   158  combined   0.00206   0.00259   0.00759    1.17e-04   112.6805    50.3452    57.0406    46.8934   -58.5347   -22.1746
   159  combined   0.00206   0.00258   0.00754    9.97e-05   112.6800    50.3457    57.0402    46.8932   -58.5358   -22.1749
   160  combined   0.00206   0.00258   0.00750    8.53e-05   112.6796    50.3460    57.0400    46.8929   -58.5368   -22.1750
   161  combined   0.00206   0.00258   0.00747    7.34e-05   112.6792    50.3463    57.0397    46.8927   -58.5375   -22.1752
   162  combined   0.00206   0.00258   0.00744    6.40e-05   112.6789    50.3465    57.0395    46.8924   -58.5382   -22.1752
   163  combined   0.00206   0.00258   0.00741    5.60e-05   112.6786    50.3467    57.0393    46.8922   -58.5387   -22.1753
   164  combined   0.00206   0.00258   0.00739    4.90e-05   112.6783    50.3468    57.0391    46.8920   -58.5392   -22.1753
   165  combined   0.00206   0.00258   0.00737    4.30e-05   112.6781    50.3469    57.0389    46.8918   -58.5396   -22.1754
   166  combined   0.00206   0.00258   0.00735    3.77e-05   112.6778    50.3471    57.0388    46.8917   -58.5399   -22.1754
   167  combined   0.00206   0.00258   0.00733    3.30e-05   112.6777    50.3471    57.0386    46.8915   -58.5402   -22.1753
   168  combined   0.00206   0.00258   0.00732    2.90e-05   112.6775    50.3472    57.0385    46.8913   -58.5404   -22.1753
   169  combined   0.00206   0.00258   0.00731    2.54e-05   112.6773    50.3473    57.0384    46.8912   -58.5406   -22.1753
   170  combined   0.00207   0.00258   0.00730    2.23e-05   112.6772    50.3473    57.0383    46.8911   -58.5408   -22.1753
   171  combined   0.00207   0.00258   0.00729    1.96e-05   112.6771    50.3473    57.0382    46.8910   -58.5410   -22.1753
   172  combined   0.00207   0.00258   0.00728    1.72e-05   112.6770    50.3474    57.0381    46.8909   -58.5411   -22.1752
   173  combined   0.00207   0.00258   0.00727    1.51e-05   112.6769    50.3474    57.0381    46.8908   -58.5412   -22.1752
   174  combined   0.00207   0.00258   0.00727    1.33e-05   112.6768    50.3474    57.0380    46.8907   -58.5413   -22.1752
   175  combined   0.00207   0.00258   0.00726    1.17e-05   112.6768    50.3474    57.0380    46.8906   -58.5414   -22.1752
   176  combined   0.00207   0.00258   0.00725    1.03e-05   112.6767    50.3475    57.0379    46.8906   -58.5415   -22.1751
   177  combined   0.00207   0.00258   0.00725    9.07e-06   112.6766    50.3475    57.0379    46.8905   -58.5415   -22.1751
