PA5-D-Debug: converged
  step  kind       mean_mm    rms_mm    max_mm   motion_mm   lambda_1   lambda_2   lambda_3   lambda_4   lambda_5   lambda_6
     1  rigid      2.34446   2.85691  10.92776    1.28e+00     0.0000     0.0000     0.0000     0.0000     0.0000     0.0000
     2  rigid      2.28672   2.77271  11.05172    8.72e-01     0.0000     0.0000     0.0000     0.0000     0.0000     0.0000
     3  rigid      2.24557   2.73015  11.17077    6.25e-01     0.0000     0.0000     0.0000     0.0000     0.0000     0.0000
     4  rigid      2.21088   2.69314  10.90884    5.46e-01     0.0000     0.0000     0.0000     0.0000     0.0000     0.0000
     5  rigid      2.18184   2.66267  10.53863    4.59e-01     0.0000     0.0000     0.0000     0.0000     0.0000     0.0000
     6  rigid      2.16245   2.64242  10.25140    3.74e-01     0.0000     0.0000     0.0000     0.0000     0.0000     0.0000
     7  rigid      2.15017   2.63016  10.04964    2.77e-01     0.0000     0.0000     0.0000     0.0000     0.0000     0.0000
     8  rigid      2.14169   2.62157   9.90268    2.15e-01     0.0000     0.0000     0.0000     0.0000     0.0000     0.0000
     9  rigid      2.13394   2.61414   9.77060    2.12e-01     0.0000     0.0000     0.0000     0.0000     0.0000     0.0000
    10  rigid      2.12836   2.60831   9.66017    1.83e-01     0.0000     0.0000     0.0000     0.0000     0.0000     0.0000
    11  rigid      2.12454   2.60397   9.57565    1.61e-01     0.0000     0.0000     0.0000     0.0000     0.0000     0.0000
    12  rigid      2.12199   2.60109   9.51095    1.32e-01     0.0000     0.0000     0.0000     0.0000     0.0000     0.0000
    13  rigid      2.12017   2.59925   9.46081    1.04e-01     0.0000     0.0000     0.0000     0.0000     0.0000     0.0000
    14  rigid      2.11935   2.59804   9.42275    8.01e-02     0.0000     0.0000     0.0000     0.0000     0.0000     0.0000
    15  rigid      2.11956   2.59730   9.39502    6.90e-02     0.0000     0.0000     0.0000     0.0000     0.0000     0.0000
    16  rigid      2.11987   2.59685   9.37403    5.11e-02     0.0000     0.0000     0.0000     0.0000     0.0000     0.0000
    17  rigid      2.12015   2.59656   9.35749    4.06e-02     0.0000     0.0000     0.0000     0.0000     0.0000     0.0000
    18  rigid      2.12037   2.59638   9.34481    3.03e-02     0.0000     0.0000     0.0000     0.0000     0.0000     0.0000
    19  rigid      2.12074   2.59633   9.33796    2.25e-02     0.0000     0.0000     0.0000     0.0000     0.0000     0.0000
    20  rigid      2.12105   2.59629   9.33257    2.00e-02     0.0000     0.0000     0.0000     0.0000     0.0000     0.0000
    21  rigid      2.12128   2.59628   9.32848    1.45e-02     0.0000     0.0000     0.0000     0.0000     0.0000     0.0000
    22  rigid      2.12144   2.59627   9.32530    1.07e-02     0.0000     0.0000     0.0000     0.0000     0.0000     0.0000
    23  rigid      2.12156   2.59627   9.32284    7.94e-03     0.0000     0.0000     0.0000     0.0000     0.0000     0.0000
    24  rigid      2.12165   2.59627   9.32094    5.89e-03     0.0000     0.0000     0.0000     0.0000     0.0000     0.0000
    25  rigid      2.12171   2.59627   9.31949    4.38e-03     0.0000     0.0000     0.0000     0.0000     0.0000     0.0000
    26  rigid      2.12175   2.59627   9.31838    3.26e-03     0.0000     0.0000     0.0000     0.0000     0.0000     0.0000
    27  rigid      2.12179   2.59626   9.31753    2.43e-03     0.0000     0.0000     0.0000     0.0000     0.0000     0.0000
    28  rigid      2.12181   2.59626   9.31690    1.81e-03     0.0000     0.0000     0.0000     0.0000     0.0000     0.0000
    29  rigid      2.12182   2.59626   9.31641    1.36e-03     0.0000     0.0000     0.0000     0.0000     0.0000     0.0000
    30  rigid      2.12184   2.59626   9.31605    1.01e-03     0.0000     0.0000     0.0000     0.0000     0.0000     0.0000
    31  rigid      2.12185   2.59626   9.31577    7.58e-04     0.0000     0.0000     0.0000     0.0000     0.0000     0.0000
    32  mode       1.45857   1.88720   7.87444    4.68e+00    -5.4611   -38.0128   -17.0363   -23.3433    10.0479   -30.8626
    33  mode       1.13899   1.55340   6.97214    2.88e+00   -12.5311   -61.8874   -25.6939   -39.3497    17.7919   -47.4810
    34  mode       1.02274   1.40269   6.43397    1.75e+00   -20.3504   -76.6148   -30.8945   -49.4885    22.6068   -55.7449
    35  mode       0.95738   1.32420   6.07184    1.23e+00   -27.8431   -86.8252   -34.4277   -56.5473    26.6383   -59.9626
    36  mode       0.91678   1.28402   5.85165    8.58e-01   -34.0152   -93.8084   -37.1400   -61.0011    29.6190   -61.8399
    37  mode       0.88865   1.25945   5.71481    6.66e-01   -39.2053   -99.2741   -39.1905   -64.1333    31.9711   -62.9494
    38  mode       0.87327   1.24535   5.63636    4.91e-01   -43.5095  -103.1048   -40.7841   -66.2371    33.7862   -63.3829
    39  mode       0.86308   1.23653   5.58683    3.84e-01   -47.1908  -105.9405   -42.1630   -67.6992    35.2787   -63.4003
    40  mode       0.85629   1.23129   5.55766    2.90e-01   -50.1372  -108.0972   -43.4070   -68.6657    36.3251   -63.1165
    41  mode       0.85109   1.22820   5.54075    2.23e-01   -52.4155  -109.7034   -44.4809   -69.2367    37.1187   -62.8557
    42  rigid      0.78547   1.14268   5.27856    4.52e-01   -52.4155  -109.7034   -44.4809   -69.2367    37.1187   -62.8557
    43  rigid      0.75219   1.09772   5.26336    3.12e-01   -52.4155  -109.7034   -44.4809   -69.2367    37.1187   -62.8557
    44  rigid      0.73695   1.07450   5.25756    2.14e-01   -52.4155  -109.7034   -44.4809   -69.2367    37.1187   -62.8557
    45  rigid      0.72784   1.06704   5.35640    1.38e-01   -52.4155  -109.7034   -44.4809   -69.2367    37.1187   -62.8557
    46  rigid      0.72170   1.06292   5.42079    1.00e-01   -52.4155  -109.7034   -44.4809   -69.2367    37.1187   -62.8557
    47  rigid      0.71697   1.06041   5.45952    7.15e-02   -52.4155  -109.7034   -44.4809   -69.2367    37.1187   -62.8557
    48  rigid      0.71370   1.05860   5.48520    6.12e-02   -52.4155  -109.7034   -44.4809   -69.2367    37.1187   -62.8557
    49  rigid      0.71207   1.05750   5.49998    4.89e-02   -52.4155  -109.7034   -44.4809   -69.2367    37.1187   -62.8557
    50  rigid      0.71019   1.05653   5.51161    7.08e-02   -52.4155  -109.7034   -44.4809   -69.2367    37.1187   -62.8557
    51  rigid      0.70883   1.05606   5.51857    5.67e-02   -52.4155  -109.7034   -44.4809   -69.2367    37.1187   -62.8557
    52  rigid      0.70760   1.05585   5.52221    4.88e-02   -52.4155  -109.7034   -44.4809   -69.2367    37.1187   -62.8557
    53  rigid      0.70617   1.05566   5.53359    6.20e-02   -52.4155  -109.7034   -44.4809   -69.2367    37.1187   -62.8557
    54  rigid      0.70513   1.05574   5.54318    5.04e-02   -52.4155  -109.7034   -44.4809   -69.2367    37.1187   -62.8557
    55  rigid      0.70439   1.05595   5.55127    4.15e-02   -52.4155  -109.7034   -44.4809   -69.2367    37.1187   -62.8557
    56  rigid      0.70380   1.05621   5.55810    3.44e-02   -52.4155  -109.7034   -44.4809   -69.2367    37.1187   -62.8557
    57  rigid      0.70334   1.05641   5.56246    2.92e-02   -52.4155  -109.7034   -44.4809   -69.2367    37.1187   -62.8557
    58  rigid      0.70301   1.05663   5.56622    2.41e-02   -52.4155  -109.7034   -44.4809   -69.2367    37.1187   -62.8557
    59  rigid      0.70275   1.05686   5.56951    1.99e-02   -52.4155  -109.7034   -44.4809   -69.2367    37.1187   -62.8557
    60  rigid      0.70255   1.05707   5.57236    1.66e-02   -52.4155  -109.7034   -44.4809   -69.2367    37.1187   -62.8557
    61  rigid      0.70241   1.05725   5.57479    1.39e-02   -52.4155  -109.7034   -44.4809   -69.2367    37.1187   -62.8557
    62  rigid      0.70227   1.05745   5.57721    1.43e-02   -52.4155  -109.7034   -44.4809   -69.2367    37.1187   -62.8557
    63  rigid      0.70220   1.05762   5.57933    1.19e-02   -52.4155  -109.7034   -44.4809   -69.2367    37.1187   -62.8557
    64  rigid      0.70217   1.05777   5.58113    9.93e-03   -52.4155  -109.7034   -44.4809   -69.2367    37.1187   -62.8557
    65  rigid      0.70214   1.05791   5.58261    8.85e-03   -52.4155  -109.7034   -44.4809   -69.2367    37.1187   -62.8557
    66  rigid      0.70211   1.05802   5.58384    7.38e-03   -52.4155  -109.7034   -44.4809   -69.2367    37.1187   -62.8557
    67  rigid      0.70209   1.05812   5.58488    6.16e-03   -52.4155  -109.7034   -44.4809   -69.2367    37.1187   -62.8557
    68  rigid      0.70208   1.05820   5.58576    5.15e-03   -52.4155  -109.7034   -44.4809   -69.2367    37.1187   -62.8557
    69  rigid      0.70207   1.05827   5.58651    4.31e-03   -52.4155  -109.7034   -44.4809   -69.2367    37.1187   -62.8557
    70  rigid      0.70207   1.05833   5.58714    3.60e-03   -52.4155  -109.7034   -44.4809   -69.2367    37.1187   -62.8557
    71  rigid      0.70207   1.05838   5.58769    3.01e-03   -52.4155  -109.7034   -44.4809   -69.2367    37.1187   -62.8557
    72  rigid      0.70140   1.05836   5.57746    2.67e-02   -52.4155  -109.7034   -44.4809   -69.2367    37.1187   -62.8557
    73  rigid      0.70094   1.05847   5.57089    2.04e-02   -52.4155  -109.7034   -44.4809   -69.2367    37.1187   -62.8557
    74  rigid      0.70065   1.05861   5.56646    1.58e-02   -52.4155  -109.7034   -44.4809   -69.2367    37.1187   -62.8557
    75  rigid      0.70044   1.05875   5.56309    1.25e-02   -52.4155  -109.7034   -44.4809   -69.2367    37.1187   -62.8557
    76  rigid      0.70024   1.05884   5.55901    1.09e-02   -52.4155  -109.7034   -44.4809   -69.2367    37.1187   -62.8557
    77  rigid      0.70009   1.05892   5.55579    8.76e-03   -52.4155  -109.7034   -44.4809   -69.2367    37.1187   -62.8557
    78  rigid      0.69998   1.05900   5.55325    7.04e-03   -52.4155  -109.7034   -44.4809   -69.2367    37.1187   -62.8557
    79  rigid      0.69991   1.05907   5.55127    5.66e-03   -52.4155  -109.7034   -44.4809   -69.2367    37.1187   -62.8557
    80  rigid      0.69986   1.05912   5.54972    4.56e-03   -52.4155  -109.7034   -44.4809   -69.2367    37.1187   -62.8557
    81  rigid      0.69982   1.05918   5.54842    4.23e-03   -52.4155  -109.7034   -44.4809   -69.2367    37.1187   -62.8557
    82  rigid      0.69974   1.05922   5.54735    4.04e-03   -52.4155  -109.7034   -44.4809   -69.2367    37.1187   -62.8557
    83  rigid      0.69968   1.05926   5.54644    3.26e-03   -52.4155  -109.7034   -44.4809   -69.2367    37.1187   -62.8557
    84  rigid      0.69964   1.05929   5.54568    2.62e-03   -52.4155  -109.7034   -44.4809   -69.2367    37.1187   -62.8557
    85  rigid      0.69962   1.05932   5.54507    2.12e-03   -52.4155  -109.7034   -44.4809   -69.2367    37.1187   -62.8557
    86  rigid      0.69960   1.05935   5.54457    1.71e-03   -52.4155  -109.7034   -44.4809   -69.2367    37.1187   -62.8557
    87  rigid      0.69959   1.05937   5.54418    1.39e-03   -52.4155  -109.7034   -44.4809   -69.2367    37.1187   -62.8557
    88  rigid      0.69958   1.05938   5.54386    1.12e-03   -52.4155  -109.7034   -44.4809   -69.2367    37.1187   -62.8557
    89  rigid      0.69957   1.05940   5.54360    9.10e-04   -52.4155  -109.7034   -44.4809   -69.2367    37.1187   -62.8557
    90  mode       0.65832   1.02399   5.57919    5.77e-01   -59.1141  -114.1391   -46.4994   -69.3409    39.5683   -59.6011
    91  mode       0.62087   0.99308   5.61134    5.61e-01   -65.7499  -118.3258   -48.9149   -69.8175    41.7589   -56.8160
    92  mode       0.59403   0.96860   5.54570    4.44e-01   -71.1153  -121.3568   -50.7599   -70.1235    43.6240   -54.8194
    93  mode       0.54519   0.90780   5.05135    7.86e-01   -81.5387  -125.9526   -52.6648   -69.6211    43.9119   -52.8231
    94  mode       0.48991   0.81079   4.40296    8.71e-01   -92.8323  -129.6598   -54.9660   -67.5899    44.8177   -50.0738
    95  mode       0.44923   0.72906   3.76220    8.74e-01  -104.0042  -133.5742   -57.9183   -65.3802    45.6476   -48.4042
    96  mode       0.42804   0.66270   3.17298    7.07e-01  -113.0482  -136.6859   -60.3535   -63.7932    46.8530   -46.9753
    97  mode       0.42249   0.60588   2.59313    6.67e-01  -121.5618  -139.3106   -62.3031   -61.6509    47.5607   -45.3317
    98  mode       0.42190   0.57972   2.23656    4.13e-01  -126.7062  -140.8323   -63.8403   -60.2331    48.5077   -44.2670
    99  mode       0.42366   0.56660   1.99892    2.77e-01  -130.1147  -141.7679   -64.8797   -59.3421    49.7107   -43.4370
   100  rigid      0.33640   0.45985   1.75509    2.83e-01  -130.1147  -141.7679   -64.8797   -59.3421    49.7107   -43.4370
   101  rigid      0.27371   0.38454   1.56738    2.30e-01  -130.1147  -141.7679   -64.8797   -59.3421    49.7107   -43.4370
   102  rigid      0.23078   0.33221   1.42063    1.88e-01  -130.1147  -141.7679   -64.8797   -59.3421    49.7107   -43.4370
   103  rigid      0.21284   0.31151   1.36003    8.89e-02  -130.1147  -141.7679   -64.8797   -59.3421    49.7107   -43.4370
   104  rigid      0.19932   0.29597   1.31154    7.50e-02  -130.1147  -141.7679   -64.8797   -59.3421    49.7107   -43.4370
   105  rigid      0.18853   0.28330   1.26776    6.87e-02  -130.1147  -141.7679   -64.8797   -59.3421    49.7107   -43.4370
   106  rigid      0.18104   0.27349   1.23142    5.68e-02  -130.1147  -141.7679   -64.8797   -59.3421    49.7107   -43.4370
   107  rigid      0.17565   0.26548   1.19961    4.88e-02  -130.1147  -141.7679   -64.8797   -59.3421    49.7107   -43.4370
   108  rigid      0.17209   0.25920   1.17366    4.04e-02  -130.1147  -141.7679   -64.8797   -59.3421    49.7107   -43.4370
   109  rigid      0.16955   0.25434   1.15239    3.33e-02  -130.1147  -141.7679   -64.8797   -59.3421    49.7107   -43.4370
   110  rigid      0.16756   0.25004   1.13257    3.12e-02  -130.1147  -141.7679   -64.8797   -59.3421    49.7107   -43.4370
   111  rigid      0.16586   0.24660   1.11592    2.64e-02  -130.1147  -141.7679   -64.8797   -59.3421    49.7107   -43.4370
   112  rigid      0.16451   0.24385   1.10204    2.25e-02  -130.1147  -141.7679   -64.8797   -59.3421    49.7107   -43.4370
   113  rigid      0.16318   0.24086   1.08640    2.38e-02  -130.1147  -141.7679   -64.8797   -59.3421    49.7107   -43.4370
   114  rigid      0.16220   0.23856   1.07366    1.96e-02  -130.1147  -141.7679   -64.8797   -59.3421    49.7107   -43.4370
   115  rigid      0.16119   0.23603   1.05881    2.27e-02  -130.1147  -141.7679   -64.8797   -59.3421    49.7107   -43.4370
   116  rigid      0.16059   0.23359   1.04295    2.29e-02  -130.1147  -141.7679   -64.8797   -59.3421    49.7107   -43.4370
   117  rigid      0.16002   0.23108   1.02569    2.58e-02  -130.1147  -141.7679   -64.8797   -59.3421    49.7107   -43.4370
   118  rigid      0.15953   0.22920   1.01185    2.09e-02  -130.1147  -141.7679   -64.8797   -59.3421    49.7107   -43.4370
   119  rigid      0.15913   0.22780   1.00082    1.69e-02  -130.1147  -141.7679   -64.8797   -59.3421    49.7107   -43.4370
   120  rigid      0.15884   0.22675   0.99200    1.36e-02  -130.1147  -141.7679   -64.8797   -59.3421    49.7107   -43.4370
   121  rigid      0.15863   0.22595   0.98493    1.10e-02  -130.1147  -141.7679   -64.8797   -59.3421    49.7107   -43.4370
   122  rigid      0.15850   0.22534   0.97925    8.93e-03  -130.1147  -141.7679   -64.8797   -59.3421    49.7107   -43.4370
   123  rigid      0.15840   0.22487   0.97468    7.25e-03  -130.1147  -141.7679   -64.8797   -59.3421    49.7107   -43.4370
   124  rigid      0.15832   0.22450   0.97099    5.89e-03  -130.1147  -141.7679   -64.8797   -59.3421    49.7107   -43.4370
   125  rigid      0.15824   0.22422   0.96802    4.79e-03  -130.1147  -141.7679   -64.8797   -59.3421    49.7107   -43.4370
   126  rigid      0.15818   0.22399   0.96562    3.91e-03  -130.1147  -141.7679   -64.8797   -59.3421    49.7107   -43.4370
   127  rigid      0.15812   0.22382   0.96368    3.19e-03  -130.1147  -141.7679   -64.8797   -59.3421    49.7107   -43.4370
   128  rigid      0.15808   0.22367   0.96208    2.64e-03  -130.1147  -141.7679   -64.8797   -59.3421    49.7107   -43.4370
   129  rigid      0.15805   0.22356   0.96078    2.17e-03  -130.1147  -141.7679   -64.8797   -59.3421    49.7107   -43.4370
   130  rigid      0.15803   0.22346   0.95973    1.78e-03  -130.1147  -141.7679   -64.8797   -59.3421    49.7107   -43.4370
   131  rigid      0.15800   0.22339   0.95888    1.47e-03  -130.1147  -141.7679   -64.8797   -59.3421    49.7107   -43.4370
   132  rigid      0.15799   0.22333   0.95819    1.22e-03  -130.1147  -141.7679   -64.8797   -59.3421    49.7107   -43.4370
   133  rigid      0.15797   0.22328   0.95763    1.01e-03  -130.1147  -141.7679   -64.8797   -59.3421    49.7107   -43.4370
   134  rigid      0.15796   0.22325   0.95717    8.47e-04  -130.1147  -141.7679   -64.8797   -59.3421    49.7107   -43.4370
   135  mode       0.12275   0.17456   0.73997    2.71e-01  -132.8497  -143.3817   -65.9505   -57.3900    51.3555   -41.9409
   136  mode       0.09990   0.14409   0.59515    1.85e-01  -134.6297  -144.4515   -66.7320   -55.9882    52.7123   -40.9512
   137  mode       0.08697   0.12512   0.49702    1.28e-01  -135.7975  -145.2057   -67.3365   -54.9728    53.7599   -40.2606
   138  mode       0.08028   0.11336   0.42855    9.21e-02  -136.5873  -145.7445   -67.8014   -54.2069    54.5982   -39.7835
   139  mode       0.07749   0.10639   0.38110    6.99e-02  -137.1177  -146.1379   -68.1396   -53.6350    55.2527   -39.4474
   140  mode       0.07677   0.10232   0.34796    5.24e-02  -137.4762  -146.4334   -68.3779   -53.2022    55.7612   -39.2056
   141  mode       0.07666   0.09994   0.32461    3.94e-02  -137.7204  -146.6557   -68.5455   -52.8714    56.1558   -39.0315
   142  mode       0.07662   0.09853   0.30789    3.02e-02  -137.8892  -146.8235   -68.6644   -52.6095    56.4640   -38.9079
   143  mode       0.07668   0.09770   0.30230    2.30e-02  -138.0067  -146.9500   -68.7488   -52.4066    56.7043   -38.8205
   144  mode       0.07680   0.09715   0.29998    1.87e-02  -138.0864  -147.0538   -68.8133   -52.2350    56.9000   -38.7492
   145  rigid      0.06181   0.07919   0.25079    5.90e-02  -138.0864  -147.0538   -68.8133   -52.2350    56.9000   -38.7492
   146  rigid      0.05087   0.06625   0.21099    4.71e-02  -138.0864  -147.0538   -68.8133   -52.2350    56.9000   -38.7492
   147  rigid      0.04297   0.05698   0.17893    3.76e-02  -138.0864  -147.0538   -68.8133   -52.2350    56.9000   -38.7492
   148  rigid      0.03785   0.05043   0.15801    3.00e-02  -138.0864  -147.0538   -68.8133   -52.2350    56.9000   -38.7492
   149  rigid      0.03446   0.04583   0.14180    2.40e-02  -138.0864  -147.0538   -68.8133   -52.2350    56.9000   -38.7492
   150  rigid      0.03236   0.04267   0.12910    1.93e-02  -138.0864  -147.0538   -68.8133   -52.2350    56.9000   -38.7492
   151  rigid      0.03097   0.04054   0.11912    1.55e-02  -138.0864  -147.0538   -68.8133   -52.2350    56.9000   -38.7492
   152  rigid      0.03015   0.03911   0.11123    1.24e-02  -138.0864  -147.0538   -68.8133   -52.2350    56.9000   -38.7492
   153  rigid      0.02966   0.03818   0.11016    9.93e-03  -138.0864  -147.0538   -68.8133   -52.2350    56.9000   -38.7492
   154  rigid      0.02932   0.03756   0.11084    7.96e-03  -138.0864  -147.0538   -68.8133   -52.2350    56.9000   -38.7492
   155  rigid      0.02907   0.03716   0.11142    6.38e-03  -138.0864  -147.0538   -68.8133   -52.2350    56.9000   -38.7492
   156  rigid      0.02890   0.03690   0.11191    5.12e-03  -138.0864  -147.0538   -68.8133   -52.2350    56.9000   -38.7492
   157  rigid      0.02880   0.03674   0.11233    4.10e-03  -138.0864  -147.0538   -68.8133   -52.2350    56.9000   -38.7492
   158  rigid      0.02873   0.03663   0.11269    3.27e-03  -138.0864  -147.0538   -68.8133   -52.2350    56.9000   -38.7492
   159  rigid      0.02867   0.03656   0.11300    2.64e-03  -138.0864  -147.0538   -68.8133   -52.2350    56.9000   -38.7492
   160  rigid      0.02862   0.03652   0.11326    2.10e-03  -138.0864  -147.0538   -68.8133   -52.2350    56.9000   -38.7492
   161  rigid      0.02858   0.03649   0.11347    1.68e-03  -138.0864  -147.0538   -68.8133   -52.2350    56.9000   -38.7492
   162  rigid      0.02855   0.03647   0.11366    1.35e-03  -138.0864  -147.0538   -68.8133   -52.2350    56.9000   -38.7492
   163  rigid      0.02853   0.03646   0.11382    1.08e-03  -138.0864  -147.0538   -68.8133   -52.2350    56.9000   -38.7492
   164  rigid      0.02851   0.03645   0.11395    8.79e-04  -138.0864  -147.0538   -68.8133   -52.2350    56.9000   -38.7492
   165  combined   0.02256   0.02898   0.08861    3.89e-02  -138.1702  -147.2824   -68.8909   -51.8430    57.3463   -38.6260
   166  combined   0.01829   0.02344   0.06972    3.03e-02  -138.2338  -147.4543   -68.9370   -51.5402    57.6885   -38.5404
   167  combined   0.01507   0.01924   0.05776    2.42e-02  -138.2817  -147.5847   -68.9611   -51.3031    57.9566   -38.4826
   168  combined   0.01258   0.01599   0.04869    1.94e-02  -138.3176  -147.6840   -68.9710   -51.1159    58.1679   -38.4452
   169  combined   0.01063   0.01345   0.04156    1.58e-02  -138.3437  -147.7609   -68.9717   -50.9647    58.3359   -38.4220
   170  combined   0.00913   0.01146   0.03597    1.28e-02  -138.3632  -147.8196   -68.9664   -50.8436    58.4701   -38.4085
   171  combined   0.00792   0.00990   0.03154    1.05e-02  -138.3776  -147.8644   -68.9576   -50.7457    58.5781   -38.4019
   172  combined   0.00695   0.00867   0.02801    8.66e-03  -138.3881  -147.8990   -68.9470   -50.6660    58.6653   -38.4000
   173  combined   0.00615   0.00769   0.02517    7.17e-03  -138.3957  -147.9258   -68.9357   -50.6007    58.7361   -38.4014
   174  combined   0.00551   0.00690   0.02262    6.21e-03  -138.3987  -147.9447   -68.9233   -50.5478    58.7970   -38.4085
   175  combined   0.00499   0.00629   0.02065    5.09e-03  -138.4018  -147.9601   -68.9117   -50.5033    58.8457   -38.4149
   176  combined   0.00458   0.00582   0.01909    4.20e-03  -138.4045  -147.9724   -68.9010   -50.4660    58.8851   -38.4208
   177  combined   0.00424   0.00545   0.01783    3.50e-03  -138.4067  -147.9823   -68.8913   -50.4347    58.9173   -38.4265
   178  combined   0.00397   0.00517   0.01679    2.95e-03  -138.4084  -147.9901   -68.8826   -50.4086    58.9440   -38.4321
   179  combined   0.00379   0.00496   0.01592    2.49e-03  -138.4096  -147.9963   -68.8747   -50.3867    58.9664   -38.4375
   180  combined   0.00366   0.00480   0.01518    2.11e-03  -138.4105  -148.0013   -68.8676   -50.3683    58.9851   -38.4426
   181  combined   0.00356   0.00468   0.01457    1.79e-03  -138.4111  -148.0053   -68.8614   -50.3528    59.0007   -38.4473
   182  combined   0.00349   0.00459   0.01405    1.52e-03  -138.4116  -148.0085   -68.8558   -50.3397    59.0139   -38.4516
   183  combined   0.00342   0.00452   0.01361    1.30e-03  -138.4119  -148.0112   -68.8509   -50.3286    59.0249   -38.4555
   184  combined   0.00338   0.00447   0.01330    1.11e-03  -138.4121  -148.0133   -68.8466   -50.3192    59.0343   -38.4590
   185  combined   0.00334   0.00443   0.01356    9.44e-04  -138.4122  -148.0151   -68.8428   -50.3112    59.0422   -38.4622
   186  combined   0.00332   0.00440   0.01379    8.06e-04  -138.4123  -148.0166   -68.8394   -50.3045    59.0489   -38.4650
   187  combined   0.00330   0.00438   0.01398    6.90e-04  -138.4123  -148.0179   -68.8365   -50.2987    59.0546   -38.4676
   188  combined   0.00329   0.00436   0.01415    5.91e-04  -138.4124  -148.0189   -68.8339   -50.2938    59.0594   -38.4698
   189  combined   0.00328   0.00435   0.01430    5.06e-04  -138.4124  -148.0198   -68.8316   -50.2897    59.0635   -38.4718
   190  combined   0.00328   0.00434   0.01443    4.34e-04  -138.4123  -148.0206   -68.8296   -50.2861    59.0670   -38.4735
   191  combined   0.00327   0.00434   0.01454    3.73e-04  -138.4123  -148.0213   -68.8278   -50.2831    59.0700   -38.4750
   192  combined   0.00327   0.00433   0.01463    3.21e-04  -138.4123  -148.0218   -68.8263   -50.2805    59.0726   -38.4764
   193  combined   0.00326   0.00433   0.01472    2.76e-04  -138.4122  -148.0223   -68.8250   -50.2783    59.0748   -38.4776
   194  combined   0.00326   0.00432   0.01479    2.37e-04  -138.4122  -148.0227   -68.8238   -50.2764    59.0767   -38.4786
   195  combined   0.00326   0.00432   0.01485    2.04e-04  -138.4121  -148.0231   -68.8227   -50.2748    59.0783   -38.4795
   196  combined   0.00326   0.00432   0.01490    1.76e-04  -138.4121  -148.0234   -68.8218   -50.2734    59.0797   -38.4804
   197  combined   0.00326   0.00432   0.01495    1.52e-04  -138.4121  -148.0237   -68.8210   -50.2722    59.0808   -38.4811
   198  combined   0.00326   0.00432   0.01499    1.31e-04  -138.4120  -148.0239   -68.8204   -50.2712    59.0819   -38.4817
   199  combined   0.00327   0.00432   0.01503    1.13e-04  -138.4120  -148.0241   -68.8197   -50.2703    59.0827   -38.4822
   200  combined   0.00327   0.00432   0.01506    9.75e-05  -138.4120  -148.0243   -68.8192   -50.2696    59.0835   -38.4827
   201  combined   0.00327   0.00432   0.01509    8.43e-05  -138.4119  -148.0245   -68.8187   -50.2689    59.0841   -38.4831
   202  combined   0.00327   0.00432   0.01511    7.28e-05  -138.4119  -148.0246   -68.8183   -50.2684    59.0847   -38.4835
   203  combined   0.00327   0.00432   0.01513    6.30e-05  -138.4119  -148.0248   -68.8180   -50.2679    59.0852   -38.4838
   204  combined   0.00327   0.00432   0.01515    5.45e-05  -138.4119  -148.0249   -68.8177   -50.2675    59.0856   -38.4841
   205  combined   0.00327   0.00432   0.01516    4.72e-05  -138.4118  -148.0250   -68.8174   -50.2671    59.0860   -38.4843
   206  combined   0.00327   0.00432   0.01517    4.09e-05  -138.4118  -148.0251   -68.8171   -50.2669    59.0863   -38.4846
   207  combined   0.00327   0.00431   0.01519    3.54e-05  -138.4118  -148.0251   -68.8169   -50.2666    59.0865   -38.4847
   208  combined   0.00327   0.00431   0.01520    3.07e-05  -138.4118  -148.0252   -68.8167   -50.2664    59.0868   -38.4849
   209  combined   0.00327   0.00431   0.01520    2.67e-05  -138.4118  -148.0253   -68.8166   -50.2662    59.0870   -38.4851
   210  combined   0.00327   0.00431   0.01521    2.31e-05  -138.4118  -148.0253   -68.8164   -50.2660    59.0871   -38.4852
   211  combined   0.00327   0.00431   0.01522    2.01e-05  -138.4117  -148.0254   -68.8163   -50.2659    59.0873   -38.4853
   212  combined   0.00327   0.00431   0.01522    1.75e-05  -138.4117  -148.0254   -68.8162   -50.2658    59.0874   -38.4854
   213  combined   0.00327   0.00431   0.01523    1.53e-05  -138.4117  -148.0255   -68.8161   -50.2656    59.0875   -38.4855
   214  combined   0.00327   0.00431   0.01523    1.33e-05  -138.4117  -148.0255   -68.8160   -50.2656    59.0876   -38.4856
   215  combined   0.00327   0.00431   0.01524    1.16e-05  -138.4117  -148.0255   -68.8159   -50.2655    59.0877   -38.4856
   216  combined   0.00327   0.00431   0.01524    1.01e-05  -138.4117  -148.0256   -68.8159   -50.2654    59.0878   -38.4857
   217  combined   0.00327   0.00431   0.01524    8.85e-06  -138.4117  -148.0256   -68.8158   -50.2653    59.0879   -38.4857
