PA5-G-Unknown: converged
  step  kind       mean_mm    rms_mm    max_mm   motion_mm   lambda_1   lambda_2   lambda_3   lambda_4   lambda_5   lambda_6
     1  rigid      2.33994   2.99380   9.42968    7.40e-01     0.0000     0.0000     0.0000     0.0000     0.0000     0.0000
     2  rigid      2.29669   2.95525   9.77304    4.28e-01     0.0000     0.0000     0.0000     0.0000     0.0000     0.0000
     3  rigid      2.27802   2.93663   9.97977    3.09e-01     0.0000     0.0000     0.0000     0.0000     0.0000     0.0000
     4  rigid      2.25754   2.92488  10.22852    3.55e-01     0.0000     0.0000     0.0000     0.0000     0.0000     0.0000
     5  rigid      2.23889   2.91747  10.48683    3.94e-01     0.0000     0.0000     0.0000     0.0000     0.0000     0.0000
     6  rigid      2.22785   2.91360  10.67505    3.16e-01     0.0000     0.0000     0.0000     0.0000     0.0000     0.0000
     7  rigid      2.22133   2.91162  10.80841    2.43e-01     0.0000     0.0000     0.0000     0.0000     0.0000     0.0000
     8  rigid      2.21621   2.91032  10.92177    2.07e-01     0.0000     0.0000     0.0000     0.0000     0.0000     0.0000
     9  rigid      2.21226   2.90950  11.01358    1.73e-01     0.0000     0.0000     0.0000     0.0000     0.0000     0.0000
    10  rigid      2.20901   2.90873  11.10752    1.87e-01     0.0000     0.0000     0.0000     0.0000     0.0000     0.0000
    11  rigid      2.20764   2.90833  11.17372    1.44e-01     0.0000     0.0000     0.0000     0.0000     0.0000     0.0000
    12  rigid      2.20693   2.90833  11.22865    1.23e-01     0.0000     0.0000     0.0000     0.0000     0.0000     0.0000
    13  rigid      2.20659   2.90814  11.26818    9.56e-02     0.0000     0.0000     0.0000     0.0000     0.0000     0.0000
    14  rigid      2.20698   2.90861  11.32073    1.13e-01     0.0000     0.0000     0.0000     0.0000     0.0000     0.0000
    15  rigid      2.20755   2.90890  11.35753    8.52e-02     0.0000     0.0000     0.0000     0.0000     0.0000     0.0000
    16  rigid      2.20794   2.90976  11.41622    1.12e-01     0.0000     0.0000     0.0000     0.0000     0.0000     0.0000
    17  rigid      2.20836   2.91033  11.45886    9.02e-02     0.0000     0.0000     0.0000     0.0000     0.0000     0.0000
    18  rigid      2.20850   2.91088  11.49708    8.06e-02     0.0000     0.0000     0.0000     0.0000     0.0000     0.0000
    19  rigid      2.20870   2.91123  11.52290    6.19e-02     0.0000     0.0000     0.0000     0.0000     0.0000     0.0000
    20  rigid      2.20890   2.91132  11.53007    6.50e-02     0.0000     0.0000     0.0000     0.0000     0.0000     0.0000
    21  rigid      2.20917   2.91142  11.53733    5.11e-02     0.0000     0.0000     0.0000     0.0000     0.0000     0.0000
    22  rigid      2.20945   2.91153  11.54419    4.05e-02     0.0000     0.0000     0.0000     0.0000     0.0000     0.0000
    23  rigid      2.20963   2.91159  11.55086    3.54e-02     0.0000     0.0000     0.0000     0.0000     0.0000     0.0000
    24  rigid      2.20981   2.91165  11.55741    2.96e-02     0.0000     0.0000     0.0000     0.0000     0.0000     0.0000
    25  rigid      2.20988   2.91177  11.56496    2.44e-02     0.0000     0.0000     0.0000     0.0000     0.0000     0.0000
    26  rigid      2.21000   2.91194  11.57532    2.16e-02     0.0000     0.0000     0.0000     0.0000     0.0000     0.0000
    27  rigid      2.21008   2.91208  11.58730    2.66e-02     0.0000     0.0000     0.0000     0.0000     0.0000     0.0000
    28  rigid      2.21017   2.91222  11.59729    2.16e-02     0.0000     0.0000     0.0000     0.0000     0.0000     0.0000
    29  rigid      2.21025   2.91235  11.60562    1.75e-02     0.0000     0.0000     0.0000     0.0000     0.0000     0.0000
    30  rigid      2.21032   2.91246  11.61252    1.41e-02     0.0000     0.0000     0.0000     0.0000     0.0000     0.0000
    31  rigid      2.21037   2.91256  11.61832    1.22e-02     0.0000     0.0000     0.0000     0.0000     0.0000     0.0000
    32  rigid      2.21041   2.91264  11.62316    9.83e-03     0.0000     0.0000     0.0000     0.0000     0.0000     0.0000
    33  rigid      2.21059   2.91292  11.64026    2.78e-02     0.0000     0.0000     0.0000     0.0000     0.0000     0.0000
    34  rigid      2.21078   2.91312  11.65404    2.17e-02     0.0000     0.0000     0.0000     0.0000     0.0000     0.0000
    35  rigid      2.21090   2.91316  11.66189    1.74e-02     0.0000     0.0000     0.0000     0.0000     0.0000     0.0000
    36  rigid      2.21055   2.91292  11.66396    2.69e-02     0.0000     0.0000     0.0000     0.0000     0.0000     0.0000
    37  rigid      2.20987   2.91223  11.65466    3.43e-02     0.0000     0.0000     0.0000     0.0000     0.0000     0.0000
    38  rigid      2.20945   2.91181  11.64989    2.45e-02     0.0000     0.0000     0.0000     0.0000     0.0000     0.0000
    39  rigid      2.20910   2.91169  11.65211    2.30e-02     0.0000     0.0000     0.0000     0.0000     0.0000     0.0000
    40  rigid      2.20888   2.91154  11.65346    2.32e-02     0.0000     0.0000     0.0000     0.0000     0.0000     0.0000
    41  rigid      2.20862   2.91143  11.65536    1.92e-02     0.0000     0.0000     0.0000     0.0000     0.0000     0.0000
    42  rigid      2.20850   2.91136  11.65691    1.57e-02     0.0000     0.0000     0.0000     0.0000     0.0000     0.0000
    43  rigid      2.20856   2.91130  11.65814    1.29e-02     0.0000     0.0000     0.0000     0.0000     0.0000     0.0000
    44  rigid      2.20863   2.91126  11.65909    1.06e-02     0.0000     0.0000     0.0000     0.0000     0.0000     0.0000
    45  rigid      2.20869   2.91122  11.65981    8.71e-03     0.0000     0.0000     0.0000     0.0000     0.0000     0.0000
    46  rigid      2.20875   2.91118  11.66035    7.20e-03     0.0000     0.0000     0.0000     0.0000     0.0000     0.0000
    47  rigid      2.20880   2.91115  11.66076    5.96e-03     0.0000     0.0000     0.0000     0.0000     0.0000     0.0000
    48  rigid      2.20884   2.91113  11.66106    4.93e-03     0.0000     0.0000     0.0000     0.0000     0.0000     0.0000
    49  rigid      2.20888   2.91111  11.66128    4.07e-03     0.0000     0.0000     0.0000     0.0000     0.0000     0.0000
    50  rigid      2.20891   2.91109  11.66144    3.37e-03     0.0000     0.0000     0.0000     0.0000     0.0000     0.0000
    51  rigid      2.20894   2.91107  11.66156    2.78e-03     0.0000     0.0000     0.0000     0.0000     0.0000     0.0000
    52  rigid      2.20897   2.91105  11.66164    2.30e-03     0.0000     0.0000     0.0000     0.0000     0.0000     0.0000
    53  rigid      2.20899   2.91104  11.66170    1.91e-03     0.0000     0.0000     0.0000     0.0000     0.0000     0.0000
    54  rigid      2.20901   2.91103  11.66176    1.59e-03     0.0000     0.0000     0.0000     0.0000     0.0000     0.0000
    55  rigid      2.20902   2.91102  11.66180    1.32e-03     0.0000     0.0000     0.0000     0.0000     0.0000     0.0000
    56  rigid      2.20904   2.91101  11.66183    1.10e-03     0.0000     0.0000     0.0000     0.0000     0.0000     0.0000
    57  rigid      2.20905   2.91101  11.66185    9.14e-04     0.0000     0.0000     0.0000     0.0000     0.0000     0.0000
    58  mode       1.87805   2.46125  10.29380    3.52e+00    -3.2778    39.0805    10.3528   -18.5407    17.7801    20.0587
    59  mode       1.61570   2.13470   8.88404    2.78e+00   -10.4707    66.0691    20.7522   -33.8889    31.6147    39.7102
    60  mode       1.42048   1.85997   7.43147    2.48e+00   -20.7556    85.8764    27.0544   -47.4674    45.5110    57.8619
    61  mode       1.30602   1.69829   6.37907    1.79e+00   -28.9356    98.8210    28.9361   -57.0578    55.3821    70.9670
    62  mode       1.23440   1.60092   5.66829    1.33e+00   -35.1764   107.3765    27.9295   -64.2829    61.9724    80.6144
    63  mode       1.18019   1.53117   5.21138    1.09e+00   -39.9351   113.2999    24.8927   -70.4965    65.2444    89.2777
    64  mode       1.14890   1.48812   4.91211    8.69e-01   -43.6146   117.3082    21.0197   -74.8123    67.5821    95.7138
    65  mode       1.12888   1.46065   4.70718    7.27e-01   -46.6647   119.7832    16.8418   -77.3746    69.8985   100.3918
    66  mode       1.11422   1.43988   4.71939    6.40e-01   -48.8920   121.4189    12.4967   -78.8630    71.6973   104.1851
    67  mode       1.10152   1.42148   4.78823    6.36e-01   -50.6471   122.8487     8.0039   -79.9497    73.9278   107.4951
    68  rigid      1.01471   1.32765   4.54108    5.12e-01   -50.6471   122.8487     8.0039   -79.9497    73.9278   107.4951
    69  rigid      0.95449   1.26204   4.36340    4.32e-01   -50.6471   122.8487     8.0039   -79.9497    73.9278   107.4951
    70  rigid      0.91351   1.21582   4.22859    3.68e-01   -50.6471   122.8487     8.0039   -79.9497    73.9278   107.4951
    71  rigid      0.89114   1.19090   4.20709    2.75e-01   -50.6471   122.8487     8.0039   -79.9497    73.9278   107.4951
    72  rigid      0.87391   1.17252   4.17628    2.17e-01   -50.6471   122.8487     8.0039   -79.9497    73.9278   107.4951
    73  rigid      0.85790   1.15575   4.13012    2.22e-01   -50.6471   122.8487     8.0039   -79.9497    73.9278   107.4951
    74  rigid      0.84026   1.13706   4.07039    2.82e-01   -50.6471   122.8487     8.0039   -79.9497    73.9278   107.4951
    75  rigid      0.82519   1.12192   4.01426    3.09e-01   -50.6471   122.8487     8.0039   -79.9497    73.9278   107.4951
    76  rigid      0.81657   1.11179   3.96183    2.38e-01   -50.6471   122.8487     8.0039   -79.9497    73.9278   107.4951
    77  rigid      0.81062   1.10408   3.91390    1.94e-01   -50.6471   122.8487     8.0039   -79.9497    73.9278   107.4951
    78  rigid      0.80480   1.09624   3.87069    1.65e-01   -50.6471   122.8487     8.0039   -79.9497    73.9278   107.4951
    79  rigid      0.79982   1.08954   3.83291    1.36e-01   -50.6471   122.8487     8.0039   -79.9497    73.9278   107.4951
    80  rigid      0.79547   1.08421   3.79913    1.15e-01   -50.6471   122.8487     8.0039   -79.9497    73.9278   107.4951
    81  rigid      0.79168   1.07989   3.77057    9.66e-02   -50.6471   122.8487     8.0039   -79.9497    73.9278   107.4951
    82  rigid      0.78863   1.07627   3.74404    8.68e-02   -50.6471   122.8487     8.0039   -79.9497    73.9278   107.4951
    83  rigid      0.78650   1.07353   3.72125    7.54e-02   -50.6471   122.8487     8.0039   -79.9497    73.9278   107.4951
    84  rigid      0.78504   1.07131   3.70103    6.59e-02   -50.6471   122.8487     8.0039   -79.9497    73.9278   107.4951
    85  rigid      0.78371   1.06935   3.68300    5.84e-02   -50.6471   122.8487     8.0039   -79.9497    73.9278   107.4951
    86  rigid      0.78201   1.06717   3.66261    6.42e-02   -50.6471   122.8487     8.0039   -79.9497    73.9278   107.4951
    87  rigid      0.77983   1.06493   3.66358    6.72e-02   -50.6471   122.8487     8.0039   -79.9497    73.9278   107.4951
    88  rigid      0.77807   1.06337   3.67624    5.64e-02   -50.6471   122.8487     8.0039   -79.9497    73.9278   107.4951
    89  rigid      0.77681   1.06220   3.68688    4.76e-02   -50.6471   122.8487     8.0039   -79.9497    73.9278   107.4951
    90  rigid      0.77586   1.06136   3.69838    4.16e-02   -50.6471   122.8487     8.0039   -79.9497    73.9278   107.4951
    91  rigid      0.77433   1.06048   3.71593    4.73e-02   -50.6471   122.8487     8.0039   -79.9497    73.9278   107.4951
    92  rigid      0.77298   1.05948   3.72845    4.41e-02   -50.6471   122.8487     8.0039   -79.9497    73.9278   107.4951
    93  rigid      0.77183   1.05853   3.73743    4.05e-02   -50.6471   122.8487     8.0039   -79.9497    73.9278   107.4951
    94  rigid      0.77081   1.05782   3.74660    3.48e-02   -50.6471   122.8487     8.0039   -79.9497    73.9278   107.4951
    95  rigid      0.76963   1.05703   3.75515    3.55e-02   -50.6471   122.8487     8.0039   -79.9497    73.9278   107.4951
    96  rigid      0.76864   1.05639   3.76236    3.04e-02   -50.6471   122.8487     8.0039   -79.9497    73.9278   107.4951
    97  rigid      0.76752   1.05564   3.76845    3.10e-02   -50.6471   122.8487     8.0039   -79.9497    73.9278   107.4951
    98  rigid      0.76626   1.05488   3.77505    3.15e-02   -50.6471   122.8487     8.0039   -79.9497    73.9278   107.4951
    99  rigid      0.76538   1.05437   3.78215    2.71e-02   -50.6471   122.8487     8.0039   -79.9497    73.9278   107.4951
   100  rigid      0.76472   1.05400   3.78831    2.28e-02   -50.6471   122.8487     8.0039   -79.9497    73.9278   107.4951
   101  rigid      0.76425   1.05373   3.79348    1.89e-02   -50.6471   122.8487     8.0039   -79.9497    73.9278   107.4951
   102  rigid      0.76395   1.05353   3.79774    1.57e-02   -50.6471   122.8487     8.0039   -79.9497    73.9278   107.4951
   103  rigid      0.76373   1.05338   3.80128    1.31e-02   -50.6471   122.8487     8.0039   -79.9497    73.9278   107.4951
   104  rigid      0.76353   1.05324   3.80426    1.13e-02   -50.6471   122.8487     8.0039   -79.9497    73.9278   107.4951
   105  rigid      0.76324   1.05311   3.80777    1.19e-02   -50.6471   122.8487     8.0039   -79.9497    73.9278   107.4951
   106  rigid      0.76303   1.05301   3.81070    9.82e-03   -50.6471   122.8487     8.0039   -79.9497    73.9278   107.4951
   107  rigid      0.76286   1.05293   3.81314    8.31e-03   -50.6471   122.8487     8.0039   -79.9497    73.9278   107.4951
   108  rigid      0.76272   1.05287   3.81519    7.06e-03   -50.6471   122.8487     8.0039   -79.9497    73.9278   107.4951
   109  rigid      0.76262   1.05282   3.81690    5.98e-03   -50.6471   122.8487     8.0039   -79.9497    73.9278   107.4951
   110  rigid      0.76254   1.05278   3.81834    5.03e-03   -50.6471   122.8487     8.0039   -79.9497    73.9278   107.4951
   111  rigid      0.76250   1.05273   3.81939    8.99e-03   -50.6471   122.8487     8.0039   -79.9497    73.9278   107.4951
   112  rigid      0.76245   1.05267   3.82000    6.01e-03   -50.6471   122.8487     8.0039   -79.9497    73.9278   107.4951
   113  rigid      0.76240   1.05260   3.82026    4.28e-03   -50.6471   122.8487     8.0039   -79.9497    73.9278   107.4951
   114  rigid      0.76236   1.05254   3.82051    3.46e-03   -50.6471   122.8487     8.0039   -79.9497    73.9278   107.4951
   115  rigid      0.76232   1.05249   3.82076    2.86e-03   -50.6471   122.8487     8.0039   -79.9497    73.9278   107.4951
   116  rigid      0.76228   1.05246   3.82100    2.36e-03   -50.6471   122.8487     8.0039   -79.9497    73.9278   107.4951
   117  rigid      0.76225   1.05243   3.82124    1.96e-03   -50.6471   122.8487     8.0039   -79.9497    73.9278   107.4951
   118  rigid      0.76223   1.05240   3.82145    1.62e-03   -50.6471   122.8487     8.0039   -79.9497    73.9278   107.4951
   119  rigid      0.76221   1.05238   3.82165    1.35e-03   -50.6471   122.8487     8.0039   -79.9497    73.9278   107.4951
   120  rigid      0.76219   1.05237   3.82184    1.14e-03   -50.6471   122.8487     8.0039   -79.9497    73.9278   107.4951
   121  rigid      0.76218   1.05236   3.82201    9.56e-04   -50.6471   122.8487     8.0039   -79.9497    73.9278   107.4951
   122  mode       0.68499   0.93315   3.50938    1.14e+00   -57.2584   131.2060     4.3133   -85.0200    79.2291   112.7361
   123  mode       0.62883   0.85516   3.23821    9.29e-01   -63.1032   136.2582    -0.0999   -87.9487    83.6685   116.5689
   124  mode       0.59008   0.80141   3.00455    7.98e-01   -67.8968   139.4894    -4.9008   -89.4516    86.8909   119.5166
   125  mode       0.55332   0.75350   2.78960    7.42e-01   -72.4251   141.6432    -9.9828   -90.3811    89.7157   121.8404
   126  mode       0.52103   0.71155   2.60441    6.57e-01   -76.1944   143.0395   -14.8438   -90.8474    92.0102   123.8142
   127  mode       0.49214   0.66862   2.39390    7.44e-01   -79.0834   144.5982   -19.9590   -90.7778    95.3334   126.1391
   128  mode       0.46428   0.62687   2.20546    6.78e-01   -81.6546   145.8786   -24.7938   -90.4283    98.0747   128.2523
   129  mode       0.43644   0.58272   2.00278    7.46e-01   -84.0431   147.1215   -30.2908   -89.3185   100.7502   130.4655
   130  mode       0.41482   0.54800   1.83424    6.40e-01   -85.8593   148.1714   -35.0848   -88.4557   102.9856   132.3442
   131  mode       0.39557   0.51927   1.70101    5.66e-01   -87.3595   148.8916   -39.4257   -87.7327   104.9295   134.1072
   132  rigid      0.37218   0.49002   1.59672    1.95e-01   -87.3595   148.8916   -39.4257   -87.7327   104.9295   134.1072
   133  rigid      0.35574   0.47074   1.53278    1.50e-01   -87.3595   148.8916   -39.4257   -87.7327   104.9295   134.1072
   134  rigid      0.34580   0.45814   1.48857    1.12e-01   -87.3595   148.8916   -39.4257   -87.7327   104.9295   134.1072
   135  rigid      0.33799   0.45126   1.51665    9.71e-02   -87.3595   148.8916   -39.4257   -87.7327   104.9295   134.1072
   136  rigid      0.33255   0.44534   1.53223    8.01e-02   -87.3595   148.8916   -39.4257   -87.7327   104.9295   134.1072
   137  rigid      0.32939   0.44085   1.54132    6.97e-02   -87.3595   148.8916   -39.4257   -87.7327   104.9295   134.1072
   138  rigid      0.32724   0.43734   1.54603    6.05e-02   -87.3595   148.8916   -39.4257   -87.7327   104.9295   134.1072
   139  rigid      0.32560   0.43488   1.55045    4.99e-02   -87.3595   148.8916   -39.4257   -87.7327   104.9295   134.1072
   140  rigid      0.32434   0.43316   1.55434    4.07e-02   -87.3595   148.8916   -39.4257   -87.7327   104.9295   134.1072
   141  rigid      0.32366   0.43159   1.55778    3.30e-02   -87.3595   148.8916   -39.4257   -87.7327   104.9295   134.1072
   142  rigid      0.32318   0.43034   1.56133    2.83e-02   -87.3595   148.8916   -39.4257   -87.7327   104.9295   134.1072
   143  rigid      0.32282   0.42941   1.56447    2.35e-02   -87.3595   148.8916   -39.4257   -87.7327   104.9295   134.1072
   144  rigid      0.32256   0.42868   1.56753    2.13e-02   -87.3595   148.8916   -39.4257   -87.7327   104.9295   134.1072
   145  rigid      0.32234   0.42801   1.56887    1.93e-02   -87.3595   148.8916   -39.4257   -87.7327   104.9295   134.1072
   146  rigid      0.32221   0.42750   1.57111    1.65e-02   -87.3595   148.8916   -39.4257   -87.7327   104.9295   134.1072
   147  rigid      0.32211   0.42713   1.57326    1.36e-02   -87.3595   148.8916   -39.4257   -87.7327   104.9295   134.1072
   148  rigid      0.32204   0.42685   1.57524    1.13e-02   -87.3595   148.8916   -39.4257   -87.7327   104.9295   134.1072
   149  rigid      0.32198   0.42663   1.57703    9.34e-03   -87.3595   148.8916   -39.4257   -87.7327   104.9295   134.1072
   150  rigid      0.32194   0.42647   1.57866    7.78e-03   -87.3595   148.8916   -39.4257   -87.7327   104.9295   134.1072
   151  rigid      0.32189   0.42635   1.58011    6.46e-03   -87.3595   148.8916   -39.4257   -87.7327   104.9295   134.1072
   152  rigid      0.32185   0.42625   1.58139    5.36e-03   -87.3595   148.8916   -39.4257   -87.7327   104.9295   134.1072
   153  rigid      0.32179   0.42617   1.58332    5.65e-03   -87.3595   148.8916   -39.4257   -87.7327   104.9295   134.1072
   154  rigid      0.32173   0.42606   1.58427    4.82e-03   -87.3595   148.8916   -39.4257   -87.7327   104.9295   134.1072
   155  rigid      0.32168   0.42597   1.58501    4.06e-03   -87.3595   148.8916   -39.4257   -87.7327   104.9295   134.1072
   156  rigid      0.32164   0.42590   1.58568    3.41e-03   -87.3595   148.8916   -39.4257   -87.7327   104.9295   134.1072
   157  rigid      0.32161   0.42584   1.58628    2.85e-03   -87.3595   148.8916   -39.4257   -87.7327   104.9295   134.1072
   158  rigid      0.32158   0.42580   1.58681    2.39e-03   -87.3595   148.8916   -39.4257   -87.7327   104.9295   134.1072
   159  rigid      0.32156   0.42576   1.58728    2.00e-03   -87.3595   148.8916   -39.4257   -87.7327   104.9295   134.1072
   160  rigid      0.32154   0.42574   1.58768    1.67e-03   -87.3595   148.8916   -39.4257   -87.7327   104.9295   134.1072
   161  rigid      0.32153   0.42571   1.58803    1.39e-03   -87.3595   148.8916   -39.4257   -87.7327   104.9295   134.1072
   162  rigid      0.32151   0.42570   1.58832    1.15e-03   -87.3595   148.8916   -39.4257   -87.7327   104.9295   134.1072
   163  rigid      0.32150   0.42568   1.58855    9.49e-04   -87.3595   148.8916   -39.4257   -87.7327   104.9295   134.1072
   164  mode       0.28299   0.37720   1.40514    6.79e-01   -88.4628   150.8445   -44.5608   -87.0736   107.1293   134.7350
   165  mode       0.25209   0.33779   1.25064    5.74e-01   -89.4029   152.3429   -48.8834   -86.4495   109.0387   135.5401
   166  mode       0.22763   0.30771   1.12388    4.72e-01   -90.1835   153.4317   -52.4275   -85.8274   110.6435   136.3694
   167  mode       0.20941   0.28408   1.01851    3.93e-01   -90.8484   154.2615   -55.3604   -85.2775   112.0306   137.1817
   168  mode       0.19312   0.26217   0.92100    3.63e-01   -91.5365   155.0556   -58.1280   -84.6772   113.1166   137.9961
   169  mode       0.17984   0.24424   0.83737    3.15e-01   -92.1304   155.7348   -60.4849   -84.3112   114.1692   138.8255
   170  mode       0.17096   0.23119   0.78112    2.54e-01   -92.6233   156.2015   -62.3519   -84.0712   115.1471   139.5575
   171  mode       0.16410   0.22045   0.75720    2.18e-01   -93.0269   156.5368   -63.9427   -83.8260   116.0316   140.2137
   172  mode       0.15845   0.21156   0.73588    2.00e-01   -93.3795   156.8530   -65.3943   -83.5764   116.8546   140.8091
   173  mode       0.15392   0.20491   0.71651    1.69e-01   -93.6991   157.0823   -66.6203   -83.3694   117.5687   141.3276
   174  rigid      0.13714   0.18022   0.61095    1.24e-01   -93.6991   157.0823   -66.6203   -83.3694   117.5687   141.3276
   175  rigid      0.12689   0.16570   0.53446    9.13e-02   -93.6991   157.0823   -66.6203   -83.3694   117.5687   141.3276
   176  rigid      0.12147   0.15725   0.47786    6.74e-02   -93.6991   157.0823   -66.6203   -83.3694   117.5687   141.3276
   177  rigid      0.11847   0.15228   0.44206    5.11e-02   -93.6991   157.0823   -66.6203   -83.3694   117.5687   141.3276
   178  rigid      0.11721   0.14943   0.42680    3.79e-02   -93.6991   157.0823   -66.6203   -83.3694   117.5687   141.3276
   179  rigid      0.11673   0.14764   0.42220    3.04e-02   -93.6991   157.0823   -66.6203   -83.3694   117.5687   141.3276
   180  rigid      0.11657   0.14652   0.41827    2.33e-02   -93.6991   157.0823   -66.6203   -83.3694   117.5687   141.3276
   181  rigid      0.11655   0.14578   0.41408    1.87e-02   -93.6991   157.0823   -66.6203   -83.3694   117.5687   141.3276
   182  rigid      0.11662   0.14531   0.41085    1.46e-02   -93.6991   157.0823   -66.6203   -83.3694   117.5687   141.3276
   183  rigid      0.11671   0.14502   0.40834    1.15e-02   -93.6991   157.0823   -66.6203   -83.3694   117.5687   141.3276
   184  rigid      0.11682   0.14482   0.40636    9.17e-03   -93.6991   157.0823   -66.6203   -83.3694   117.5687   141.3276
   185  rigid      0.11691   0.14470   0.40477    7.33e-03   -93.6991   157.0823   -66.6203   -83.3694   117.5687   141.3276
   186  rigid      0.11697   0.14461   0.40349    5.89e-03   -93.6991   157.0823   -66.6203   -83.3694   117.5687   141.3276
   187  rigid      0.11702   0.14454   0.40236    5.21e-03   -93.6991   157.0823   -66.6203   -83.3694   117.5687   141.3276
   188  rigid      0.11705   0.14449   0.40144    4.36e-03   -93.6991   157.0823   -66.6203   -83.3694   117.5687   141.3276
   189  rigid      0.11707   0.14446   0.40068    3.64e-03   -93.6991   157.0823   -66.6203   -83.3694   117.5687   141.3276
   190  rigid      0.11709   0.14444   0.39998    3.33e-03   -93.6991   157.0823   -66.6203   -83.3694   117.5687   141.3276
   191  rigid      0.11708   0.14441   0.39884    3.01e-03   -93.6991   157.0823   -66.6203   -83.3694   117.5687   141.3276
   192  rigid      0.11707   0.14439   0.39804    2.41e-03   -93.6991   157.0823   -66.6203   -83.3694   117.5687   141.3276
   193  rigid      0.11706   0.14438   0.39746    1.95e-03   -93.6991   157.0823   -66.6203   -83.3694   117.5687   141.3276
   194  rigid      0.11705   0.14438   0.39701    1.61e-03   -93.6991   157.0823   -66.6203   -83.3694   117.5687   141.3276
   195  rigid      0.11705   0.14437   0.39667    1.37e-03   -93.6991   157.0823   -66.6203   -83.3694   117.5687   141.3276
   196  rigid      0.11704   0.14437   0.39640    1.16e-03   -93.6991   157.0823   -66.6203   -83.3694   117.5687   141.3276
   197  rigid      0.11704   0.14437   0.39618    9.77e-04   -93.6991   157.0823   -66.6203   -83.3694   117.5687   141.3276
   198  combined   0.10383   0.12780   0.35004    2.24e-01   -93.8003   157.6687   -68.3971   -82.7170   118.1083   141.1936
   199  combined   0.09373   0.11555   0.33613    1.84e-01   -93.9016   158.0545   -69.8507   -82.2149   118.6468   141.1415
   200  combined   0.08594   0.10671   0.33628    1.47e-01   -94.0200   158.3341   -71.0062   -81.8646   119.1293   141.1289
   201  combined   0.07888   0.09768   0.33188    1.42e-01   -94.1483   158.6784   -72.0584   -81.5560   119.6425   141.2174
   202  combined   0.07317   0.09073   0.33002    1.19e-01   -94.2755   158.9150   -72.9426   -81.3099   120.0974   141.2939
   203  combined   0.06846   0.08531   0.32731    9.92e-02   -94.3995   159.0791   -73.6866   -81.1123   120.4980   141.3592
   204  combined   0.06358   0.07973   0.29795    9.52e-02   -94.4907   159.1826   -74.3708   -80.8854   120.9724   141.3554
   205  combined   0.05955   0.07553   0.29657    7.93e-02   -94.5883   159.2558   -74.9477   -80.7119   121.3688   141.3641
   206  combined   0.05613   0.07235   0.33805    6.66e-02   -94.6887   159.3096   -75.4367   -80.5741   121.7016   141.3808
   207  combined   0.05324   0.06994   0.37291    5.63e-02   -94.7879   159.3501   -75.8525   -80.4620   121.9820   141.4020
   208  combined   0.05070   0.06803   0.40236    4.76e-02   -94.8822   159.3808   -76.2062   -80.3697   122.2185   141.4246
   209  combined   0.04833   0.06631   0.42739    4.69e-02   -94.9769   159.4662   -76.5494   -80.3452   122.4338   141.4850
   210  combined   0.04629   0.06505   0.44877    3.90e-02   -95.0640   159.5223   -76.8416   -80.3047   122.6048   141.5374
   211  combined   0.04450   0.06379   0.46065    3.27e-02   -95.1427   159.5606   -77.0900   -80.2610   122.7435   141.5819
   212  combined   0.03831   0.05422   0.37858    1.02e-01   -95.1580   159.7731   -77.7719   -80.1160   123.2844   141.6782
   213  combined   0.03364   0.04699   0.31841    8.20e-02   -95.2184   159.8930   -78.3453   -79.9506   123.7004   141.7280
   214  combined   0.02983   0.04105   0.27228    6.70e-02   -95.3003   159.9597   -78.8281   -79.7942   124.0322   141.7479
   215  combined   0.02612   0.03555   0.23108    6.05e-02   -95.3888   160.0190   -79.2715   -79.6507   124.3160   141.7800
   216  combined   0.02294   0.03096   0.19704    5.04e-02   -95.4783   160.0542   -79.6444   -79.5330   124.5593   141.7939
   217  combined   0.02021   0.02712   0.16868    4.21e-02   -95.5645   160.0746   -79.9584   -79.4365   124.7684   141.7959
   218  combined   0.01787   0.02389   0.14491    3.54e-02   -95.6452   160.0862   -80.2231   -79.3571   124.9484   141.7901
   219  combined   0.01585   0.02118   0.12486    2.99e-02   -95.7193   160.0918   -80.4469   -79.2919   125.1042   141.7791
   220  combined   0.01413   0.01892   0.10796    2.51e-02   -95.7857   160.0939   -80.6351   -79.2385   125.2381   141.7650
   221  combined   0.01259   0.01687   0.09356    2.12e-02   -95.8450   160.0938   -80.7932   -79.1940   125.3543   141.7487
   222  combined   0.01109   0.01477   0.07977    2.30e-02   -95.9265   160.1117   -80.9563   -79.1278   125.4725   141.7365
   223  combined   0.00986   0.01311   0.06799    1.87e-02   -95.9889   160.1204   -81.0908   -79.0781   125.5733   141.7230
   224  combined   0.00864   0.01139   0.05760    1.80e-02   -96.0602   160.1314   -81.2162   -79.0173   125.6678   141.7077
   225  combined   0.00765   0.01004   0.04870    1.46e-02   -96.1132   160.1354   -81.3197   -78.9732   125.7489   141.6916
   226  combined   0.00684   0.00895   0.04115    1.20e-02   -96.1540   160.1360   -81.4056   -78.9405   125.8182   141.6756
   227  combined   0.00620   0.00807   0.03474    9.98e-03   -96.1863   160.1349   -81.4774   -78.9157   125.8774   141.6602
   228  combined   0.00567   0.00735   0.02931    8.34e-03   -96.2125   160.1332   -81.5378   -78.8966   125.9279   141.6456
   229  combined   0.00523   0.00676   0.02470    7.01e-03   -96.2343   160.1315   -81.5886   -78.8816   125.9710   141.6320
   230  combined   0.00490   0.00628   0.02078    5.91e-03   -96.2527   160.1300   -81.6316   -78.8696   126.0078   141.6195
   231  combined   0.00464   0.00590   0.01744    5.01e-03   -96.2684   160.1288   -81.6680   -78.8599   126.0393   141.6083
   232  combined   0.00442   0.00559   0.01668    4.26e-03   -96.2819   160.1279   -81.6990   -78.8521   126.0661   141.5981
   233  combined   0.00425   0.00535   0.01613    3.61e-03   -96.2937   160.1272   -81.7252   -78.8457   126.0891   141.5889
   234  combined   0.00410   0.00515   0.01570    3.09e-03   -96.3040   160.1269   -81.7475   -78.8404   126.1088   141.5808
   235  combined   0.00398   0.00500   0.01535    2.65e-03   -96.3130   160.1268   -81.7667   -78.8359   126.1257   141.5735
   236  combined   0.00390   0.00487   0.01508    2.27e-03   -96.3209   160.1268   -81.7831   -78.8322   126.1403   141.5670
   237  combined   0.00383   0.00478   0.01486    1.95e-03   -96.3279   160.1270   -81.7972   -78.8291   126.1528   141.5612
   238  combined   0.00378   0.00470   0.01468    1.68e-03   -96.3341   160.1273   -81.8093   -78.8264   126.1636   141.5561
   239  combined   0.00374   0.00464   0.01454    1.45e-03   -96.3395   160.1277   -81.8197   -78.8242   126.1729   141.5515
   240  combined   0.00371   0.00460   0.01442    1.25e-03   -96.3444   160.1281   -81.8287   -78.8223   126.1809   141.5475
   241  combined   0.00368   0.00456   0.01433    1.08e-03   -96.3486   160.1286   -81.8365   -78.8207   126.1878   141.5439
   242  combined   0.00365   0.00453   0.01425    9.35e-04   -96.3524   160.1290   -81.8431   -78.8193   126.1937   141.5407
   243  combined   0.00363   0.00451   0.01419    8.09e-04   -96.3557   160.1295   -81.8489   -78.8181   126.1989   141.5379
   244  combined   0.00362   0.00450   0.01414    7.01e-04   -96.3587   160.1299   -81.8539   -78.8171   126.2033   141.5354
   245  combined   0.00361   0.00448   0.01410    6.08e-04   -96.3613   160.1303   -81.8583   -78.8162   126.2072   141.5332
   246  combined   0.00360   0.00447   0.01407    5.28e-04   -96.3636   160.1307   -81.8620   -78.8154   126.2106   141.5312
   247  combined   0.00359   0.00446   0.01404    4.59e-04   -96.3656   160.1311   -81.8653   -78.8148   126.2135   141.5295
   248  combined   0.00359   0.00446   0.01402    3.99e-04   -96.3675   160.1315   -81.8681   -78.8143   126.2160   141.5280
   249  combined   0.00359   0.00445   0.01400    3.47e-04   -96.3691   160.1318   -81.8706   -78.8138   126.2182   141.5266
   250  combined   0.00358   0.00445   0.01399    3.03e-04   -96.3705   160.1321   -81.8728   -78.8134   126.2201   141.5254
   251  combined   0.00358   0.00445   0.01398    2.64e-04   -96.3717   160.1324   -81.8746   -78.8130   126.2217   141.5243
   252  combined   0.00358   0.00444   0.01397    2.30e-04   -96.3728   160.1327   -81.8763   -78.8127   126.2232   141.5234
   253  combined   0.00358   0.00444   0.01396    2.01e-04   -96.3738   160.1329   -81.8777   -78.8124   126.2244   141.5226
   254  combined   0.00358   0.00444   0.01396    1.75e-04   -96.3747   160.1331   -81.8789   -78.8122   126.2255   141.5218
   255  combined   0.00358   0.00444   0.01395    1.53e-04   -96.3754   160.1333   -81.8800   -78.8120   126.2265   141.5212
   256  combined   0.00358   0.00444   0.01395    1.34e-04   -96.3761   160.1335   -81.8810   -78.8118   126.2273   141.5206
   257  combined   0.00358   0.00444   0.01395    1.17e-04   -96.3767   160.1337   -81.8818   -78.8117   126.2280   141.5201
   258  combined   0.00358   0.00444   0.01395    1.03e-04   -96.3772   160.1338   -81.8825   -78.8115   126.2286   141.5196
   259  combined   0.00358   0.00444   0.01394    8.99e-05   -96.3777   160.1339   -81.8831   -78.8114   126.2292   141.5192
   260  combined   0.00358   0.00444   0.01394    7.88e-05   -96.3781   160.1341   -81.8837   -78.8113   126.2297   141.5188
   261  combined   0.00358   0.00444   0.01394    6.90e-05   -96.3785   160.1342   -81.8842   -78.8112   126.2301   141.5185
   262  combined   0.00358   0.00444   0.01394    6.06e-05   -96.3788   160.1343   -81.8846   -78.8112   126.2305   141.5182
   263  combined   0.00358   0.00444   0.01394    5.31e-05   -96.3791   160.1344   -81.8850   -78.8111   126.2308   141.5180
   264  combined   0.00358   0.00444   0.01394    4.66e-05   -96.3793   160.1344   -81.8853   -78.8110   126.2311   141.5178
   265  combined   0.00358   0.00444   0.01394    4.10e-05   -96.3796   160.1345   -81.8856   -78.8110   126.2313   141.5176
   266  combined   0.00358   0.00443   0.01394    3.60e-05   -96.3798   160.1346   -81.8859   -78.8109   126.2316   141.5174
   267  combined   0.00359   0.00443   0.01394    3.16e-05   -96.3799   160.1346   -81.8861   -78.8109   126.2317   141.5173
   268  combined   0.00359   0.00443   0.01394    2.78e-05   -96.3801   160.1347   -81.8863   -78.8109   126.2319   141.5171
   269  combined   0.00359   0.00443   0.01394    2.45e-05   -96.3802   160.1347   -81.8864   -78.8108   126.2321   141.5170
   270  combined   0.00359   0.00443   0.01394    2.16e-05   -96.3803   160.1348   -81.8866   -78.8108   126.2322   141.5169
   271  combined   0.00359   0.00443   0.01394    1.90e-05   -96.3805   160.1348   -81.8867   -78.8108   126.2323   141.5168
   272  combined   0.00359   0.00443   0.01394    1.67e-05   -96.3806   160.1348   -81.8868   -78.8108   126.2324   141.5167
   273  combined   0.00359   0.00443   0.01394    1.48e-05   -96.3806   160.1348   -81.8869   -78.8107   126.2325   141.5166
   274  combined   0.00359   0.00443   0.01394    1.30e-05   -96.3807   160.1349   -81.8870   -78.8107   126.2326   141.5166
   275  combined   0.00359   0.00443   0.01394    1.15e-05   -96.3808   160.1349   -81.8871   -78.8107   126.2326   141.5165
   276  combined   0.00359   0.00443   0.01394    1.01e-05   -96.3808   160.1349   -81.8872   -78.8107   126.2327   141.5165
   277  combined   0.00359   0.00443   0.01394    8.91e-06   -96.3809   160.1349   -81.8872   -78.8107   126.2328   141.5164
