PA5-E-Debug: converged
  step  kind       mean_mm    rms_mm    max_mm   motion_mm   lambda_1   lambda_2   lambda_3   lambda_4   lambda_5   lambda_6
     1  rigid      3.41039   4.13812  10.36974    2.00e+00     0.0000     0.0000     0.0000     0.0000     0.0000     0.0000
     2  rigid      3.19740   3.90219  10.34730    1.64e+00     0.0000     0.0000     0.0000     0.0000     0.0000     0.0000
     3  rigid      3.07170   3.76113  10.30061    1.19e+00     0.0000     0.0000     0.0000     0.0000     0.0000     0.0000
     4  rigid      2.99045   3.66627  10.31123    9.10e-01     0.0000     0.0000     0.0000     0.0000     0.0000     0.0000
     5  rigid      2.92759   3.61212  10.17281    6.76e-01     0.0000     0.0000     0.0000     0.0000     0.0000     0.0000
     6  rigid      2.87043   3.57664  10.24400    5.13e-01     0.0000     0.0000     0.0000     0.0000     0.0000     0.0000
     7  rigid      2.81429   3.55526  10.55540    4.64e-01     0.0000     0.0000     0.0000     0.0000     0.0000     0.0000
     8  rigid      2.76720   3.54738  10.84723    4.58e-01     0.0000     0.0000     0.0000     0.0000     0.0000     0.0000
     9  rigid      2.73174   3.55271  11.13586    4.32e-01     0.0000     0.0000     0.0000     0.0000     0.0000     0.0000
    10  rigid      2.70170   3.56469  11.40254    3.81e-01     0.0000     0.0000     0.0000     0.0000     0.0000     0.0000
    11  rigid      2.68128   3.57805  11.61622    3.15e-01     0.0000     0.0000     0.0000     0.0000     0.0000     0.0000
    12  rigid      2.66755   3.59314  11.81186    2.84e-01     0.0000     0.0000     0.0000     0.0000     0.0000     0.0000
    13  rigid      2.65853   3.60964  11.99875    2.81e-01     0.0000     0.0000     0.0000     0.0000     0.0000     0.0000
    14  rigid      2.65077   3.62806  12.18215    2.61e-01     0.0000     0.0000     0.0000     0.0000     0.0000     0.0000
    15  rigid      2.64480   3.64728  12.36196    2.72e-01     0.0000     0.0000     0.0000     0.0000     0.0000     0.0000
    16  rigid      2.64054   3.66518  12.51132    2.24e-01     0.0000     0.0000     0.0000     0.0000     0.0000     0.0000
    17  rigid      2.63894   3.68041  12.62949    1.94e-01     0.0000     0.0000     0.0000     0.0000     0.0000     0.0000
    18  rigid      2.63816   3.69816  12.75627    1.94e-01     0.0000     0.0000     0.0000     0.0000     0.0000     0.0000
    19  rigid      2.63990   3.71268  12.85398    1.55e-01     0.0000     0.0000     0.0000     0.0000     0.0000     0.0000
    20  rigid      2.64207   3.72492  12.93488    1.27e-01     0.0000     0.0000     0.0000     0.0000     0.0000     0.0000
    21  rigid      2.64377   3.73558  13.00232    1.29e-01     0.0000     0.0000     0.0000     0.0000     0.0000     0.0000
    22  rigid      2.64499   3.74518  13.05962    1.38e-01     0.0000     0.0000     0.0000     0.0000     0.0000     0.0000
    23  rigid      2.64673   3.75410  13.11204    1.20e-01     0.0000     0.0000     0.0000     0.0000     0.0000     0.0000
    24  rigid      2.64796   3.76138  13.15337    1.16e-01     0.0000     0.0000     0.0000     0.0000     0.0000     0.0000
    25  rigid      2.64901   3.76821  13.19018    1.11e-01     0.0000     0.0000     0.0000     0.0000     0.0000     0.0000
    26  rigid      2.64958   3.77383  13.21610    1.18e-01     0.0000     0.0000     0.0000     0.0000     0.0000     0.0000
    27  rigid      2.65040   3.77812  13.23584    8.65e-02     0.0000     0.0000     0.0000     0.0000     0.0000     0.0000
    28  rigid      2.65135   3.78517  13.27194    8.05e-02     0.0000     0.0000     0.0000     0.0000     0.0000     0.0000
    29  rigid      2.65237   3.79068  13.30015    5.93e-02     0.0000     0.0000     0.0000     0.0000     0.0000     0.0000
    30  rigid      2.65322   3.79467  13.32075    4.37e-02     0.0000     0.0000     0.0000     0.0000     0.0000     0.0000
    31  rigid      2.65394   3.79805  13.33685    4.26e-02     0.0000     0.0000     0.0000     0.0000     0.0000     0.0000
    32  rigid      2.65451   3.80059  13.34908    3.29e-02     0.0000     0.0000     0.0000     0.0000     0.0000     0.0000
    33  rigid      2.65507   3.80291  13.36062    3.34e-02     0.0000     0.0000     0.0000     0.0000     0.0000     0.0000
    34  rigid      2.65552   3.80464  13.36924    2.57e-02     0.0000     0.0000     0.0000     0.0000     0.0000     0.0000
    35  rigid      2.65588   3.80595  13.37572    1.98e-02     0.0000     0.0000     0.0000     0.0000     0.0000     0.0000
    36  rigid      2.65621   3.80725  13.38209    1.73e-02     0.0000     0.0000     0.0000     0.0000     0.0000     0.0000
    37  rigid      2.65647   3.80820  13.38674    1.58e-02     0.0000     0.0000     0.0000     0.0000     0.0000     0.0000
    38  rigid      2.65667   3.80892  13.39027    1.22e-02     0.0000     0.0000     0.0000     0.0000     0.0000     0.0000
    39  rigid      2.65682   3.80948  13.39296    9.46e-03     0.0000     0.0000     0.0000     0.0000     0.0000     0.0000
    40  rigid      2.65694   3.80990  13.39501    7.33e-03     0.0000     0.0000     0.0000     0.0000     0.0000     0.0000
    41  rigid      2.65704   3.81023  13.39659    5.69e-03     0.0000     0.0000     0.0000     0.0000     0.0000     0.0000
    42  rigid      2.65710   3.81045  13.39753    5.15e-03     0.0000     0.0000     0.0000     0.0000     0.0000     0.0000
    43  rigid      2.65716   3.81062  13.39827    3.98e-03     0.0000     0.0000     0.0000     0.0000     0.0000     0.0000
    44  rigid      2.65720   3.81075  13.39885    3.09e-03     0.0000     0.0000     0.0000     0.0000     0.0000     0.0000
    45  rigid      2.65723   3.81086  13.39930    2.40e-03     0.0000     0.0000     0.0000     0.0000     0.0000     0.0000
    46  rigid      2.65725   3.81094  13.39966    1.86e-03     0.0000     0.0000     0.0000     0.0000     0.0000     0.0000
    47  rigid      2.65727   3.81100  13.39993    1.44e-03     0.0000     0.0000     0.0000     0.0000     0.0000     0.0000
    48  rigid      2.65729   3.81105  13.40015    1.12e-03     0.0000     0.0000     0.0000     0.0000     0.0000     0.0000
    49  rigid      2.65730   3.81109  13.40031    8.73e-04     0.0000     0.0000     0.0000     0.0000     0.0000     0.0000
    50  mode       1.74007   2.46801   8.56763    5.52e+00    70.8567    49.5079    -0.9048    12.2016     6.7781    -1.2028
    51  mode       1.31738   1.84329   6.91328    3.34e+00   107.2288    80.9779    -5.1060    23.6892     8.2270    -2.0005
    52  mode       1.14455   1.55353   6.09358    2.19e+00   126.6843   101.8823    -9.7644    33.1751     5.1027    -2.1366
    53  mode       1.08384   1.40724   5.29452    1.51e+00   137.5843   116.3272   -15.4962    41.3717     2.0837    -2.4004
    54  mode       1.06267   1.34232   4.82462    9.71e-01   144.1340   125.3634   -19.1824    46.7409    -1.0794    -2.6852
    55  mode       1.05577   1.31116   4.55528    6.85e-01   148.8499   130.9796   -21.5231    50.5073    -3.9927    -2.7022
    56  mode       1.05171   1.29352   4.38309    5.09e-01   152.0677   135.0461   -23.2756    53.1790    -6.9674    -2.5098
    57  mode       1.05154   1.28517   4.24598    3.55e-01   154.4164   137.6822   -24.7775    55.0272    -9.0179    -2.5776
    58  mode       1.05143   1.28129   4.16249    2.42e-01   156.0412   139.3473   -25.8323    56.1838   -10.6217    -2.5322
    59  mode       1.05131   1.27949   4.11380    1.60e-01   157.1363   140.3754   -26.5432    56.8623   -11.7913    -2.4569
    60  rigid      0.81850   1.02584   3.66658    8.95e-01   157.1363   140.3754   -26.5432    56.8623   -11.7913    -2.4569
    61  rigid      0.66582   0.86912   3.33023    6.18e-01   157.1363   140.3754   -26.5432    56.8623   -11.7913    -2.4569
    62  rigid      0.56735   0.76888   3.05932    4.44e-01   157.1363   140.3754   -26.5432    56.8623   -11.7913    -2.4569
    63  rigid      0.52235   0.71651   2.87689    2.70e-01   157.1363   140.3754   -26.5432    56.8623   -11.7913    -2.4569
    64  rigid      0.49722   0.68269   2.72735    1.89e-01   157.1363   140.3754   -26.5432    56.8623   -11.7913    -2.4569
    65  rigid      0.47723   0.65672   2.58903    1.59e-01   157.1363   140.3754   -26.5432    56.8623   -11.7913    -2.4569
    66  rigid      0.46174   0.63626   2.46719    1.41e-01   157.1363   140.3754   -26.5432    56.8623   -11.7913    -2.4569
    67  rigid      0.45026   0.62005   2.43947    1.29e-01   157.1363   140.3754   -26.5432    56.8623   -11.7913    -2.4569
    68  rigid      0.44196   0.60751   2.46808    1.18e-01   157.1363   140.3754   -26.5432    56.8623   -11.7913    -2.4569
    69  rigid      0.43588   0.59779   2.44259    9.96e-02   157.1363   140.3754   -26.5432    56.8623   -11.7913    -2.4569
    70  rigid      0.43118   0.59023   2.42324    9.60e-02   157.1363   140.3754   -26.5432    56.8623   -11.7913    -2.4569
    71  rigid      0.42719   0.58389   2.40387    8.80e-02   157.1363   140.3754   -26.5432    56.8623   -11.7913    -2.4569
    72  rigid      0.42455   0.57923   2.38693    7.10e-02   157.1363   140.3754   -26.5432    56.8623   -11.7913    -2.4569
    73  rigid      0.42254   0.57575   2.37488    6.14e-02   157.1363   140.3754   -26.5432    56.8623   -11.7913    -2.4569
    74  rigid      0.42119   0.57316   2.36433    4.99e-02   157.1363   140.3754   -26.5432    56.8623   -11.7913    -2.4569
    75  rigid      0.41985   0.57133   2.35763    4.44e-02   157.1363   140.3754   -26.5432    56.8623   -11.7913    -2.4569
    76  rigid      0.41879   0.56969   2.34999    3.72e-02   157.1363   140.3754   -26.5432    56.8623   -11.7913    -2.4569
    77  rigid      0.41757   0.56832   2.34465    3.97e-02   157.1363   140.3754   -26.5432    56.8623   -11.7913    -2.4569
    78  rigid      0.41637   0.56738   2.34075    3.39e-02   157.1363   140.3754   -26.5432    56.8623   -11.7913    -2.4569
    79  rigid      0.41553   0.56664   2.33675    2.73e-02   157.1363   140.3754   -26.5432    56.8623   -11.7913    -2.4569
    80  rigid      0.41503   0.56598   2.33211    2.16e-02   157.1363   140.3754   -26.5432    56.8623   -11.7913    -2.4569
    81  rigid      0.41475   0.56545   2.32812    1.74e-02   157.1363   140.3754   -26.5432    56.8623   -11.7913    -2.4569
    82  rigid      0.41459   0.56505   2.32480    1.40e-02   157.1363   140.3754   -26.5432    56.8623   -11.7913    -2.4569
    83  rigid      0.41449   0.56472   2.32206    1.13e-02   157.1363   140.3754   -26.5432    56.8623   -11.7913    -2.4569
    84  rigid      0.41442   0.56446   2.31977    9.48e-03   157.1363   140.3754   -26.5432    56.8623   -11.7913    -2.4569
    85  rigid      0.41439   0.56425   2.31787    7.63e-03   157.1363   140.3754   -26.5432    56.8623   -11.7913    -2.4569
    86  rigid      0.41438   0.56408   2.31632    6.17e-03   157.1363   140.3754   -26.5432    56.8623   -11.7913    -2.4569
    87  rigid      0.41438   0.56395   2.31505    4.98e-03   157.1363   140.3754   -26.5432    56.8623   -11.7913    -2.4569
    88  rigid      0.41439   0.56385   2.31400    4.03e-03   157.1363   140.3754   -26.5432    56.8623   -11.7913    -2.4569
    89  rigid      0.41436   0.56377   2.31321    4.00e-03   157.1363   140.3754   -26.5432    56.8623   -11.7913    -2.4569
    90  rigid      0.41434   0.56371   2.31254    3.25e-03   157.1363   140.3754   -26.5432    56.8623   -11.7913    -2.4569
    91  rigid      0.41433   0.56365   2.31195    2.95e-03   157.1363   140.3754   -26.5432    56.8623   -11.7913    -2.4569
    92  rigid      0.41432   0.56361   2.31144    2.36e-03   157.1363   140.3754   -26.5432    56.8623   -11.7913    -2.4569
    93  rigid      0.41432   0.56357   2.31103    1.90e-03   157.1363   140.3754   -26.5432    56.8623   -11.7913    -2.4569
    94  rigid      0.41432   0.56353   2.31068    1.53e-03   157.1363   140.3754   -26.5432    56.8623   -11.7913    -2.4569
    95  rigid      0.41431   0.56351   2.31040    1.24e-03   157.1363   140.3754   -26.5432    56.8623   -11.7913    -2.4569
    96  rigid      0.41431   0.56349   2.31017    1.00e-03   157.1363   140.3754   -26.5432    56.8623   -11.7913    -2.4569
    97  rigid      0.41431   0.56347   2.30998    8.09e-04   157.1363   140.3754   -26.5432    56.8623   -11.7913    -2.4569
    98  mode       0.33014   0.45903   1.89971    7.38e-01   154.8121   149.2584   -27.9980    60.1149   -15.8760    -1.9318
    99  mode       0.28788   0.40259   1.62703    5.22e-01   153.2022   155.0579   -28.9435    61.8144   -19.2711    -1.7871
   100  mode       0.26838   0.37233   1.44303    3.73e-01   152.0688   158.9278   -29.5728    62.5665   -22.0242    -1.8764
   101  mode       0.26093   0.35653   1.31873    2.63e-01   151.3050   161.5135   -29.9731    62.9266   -24.1034    -1.9923
   102  mode       0.25814   0.34741   1.23352    2.00e-01   150.8069   163.2998   -30.2812    63.2079   -25.8042    -2.0863
   103  mode       0.25736   0.34203   1.18260    1.53e-01   150.4402   164.6341   -30.5372    63.3780   -27.1336    -2.1291
   104  mode       0.25715   0.33882   1.14456    1.14e-01   150.1732   165.6301   -30.8015    63.4772   -28.1510    -2.1520
   105  mode       0.25723   0.33700   1.12053    8.72e-02   149.9703   166.3636   -31.0015    63.5122   -28.9613    -2.1757
   106  mode       0.25740   0.33603   1.11740    6.31e-02   149.8421   166.8754   -31.1501    63.5046   -29.5719    -2.2001
   107  mode       0.25762   0.33550   1.11611    4.57e-02   149.7625   167.2342   -31.2619    63.4829   -30.0282    -2.2218
   108  rigid      0.20906   0.28329   0.97963    1.70e-01   149.7625   167.2342   -31.2619    63.4829   -30.0282    -2.2218
   109  rigid      0.17944   0.24990   0.89494    1.27e-01   149.7625   167.2342   -31.2619    63.4829   -30.0282    -2.2218
   110  rigid      0.16100   0.22701   0.81118    1.02e-01   149.7625   167.2342   -31.2619    63.4829   -30.0282    -2.2218
   111  rigid      0.15367   0.21696   0.77070    5.25e-02   149.7625   167.2342   -31.2619    63.4829   -30.0282    -2.2218
   112  rigid      0.14844   0.20865   0.73440    5.00e-02   149.7625   167.2342   -31.2619    63.4829   -30.0282    -2.2218
   113  rigid      0.14446   0.20187   0.70190    4.63e-02   149.7625   167.2342   -31.2619    63.4829   -30.0282    -2.2218
   114  rigid      0.14157   0.19629   0.68356    4.46e-02   149.7625   167.2342   -31.2619    63.4829   -30.0282    -2.2218
   115  rigid      0.13958   0.19186   0.67160    4.00e-02   149.7625   167.2342   -31.2619    63.4829   -30.0282    -2.2218
   116  rigid      0.13821   0.18856   0.66173    3.31e-02   149.7625   167.2342   -31.2619    63.4829   -30.0282    -2.2218
   117  rigid      0.13718   0.18592   0.65343    2.86e-02   149.7625   167.2342   -31.2619    63.4829   -30.0282    -2.2218
   118  rigid      0.13644   0.18379   0.64641    2.47e-02   149.7625   167.2342   -31.2619    63.4829   -30.0282    -2.2218
   119  rigid      0.13583   0.18192   0.64012    2.42e-02   149.7625   167.2342   -31.2619    63.4829   -30.0282    -2.2218
   120  rigid      0.13553   0.18057   0.63577    1.98e-02   149.7625   167.2342   -31.2619    63.4829   -30.0282    -2.2218
   121  rigid      0.13534   0.17934   0.63214    2.00e-02   149.7625   167.2342   -31.2619    63.4829   -30.0282    -2.2218
   122  rigid      0.13527   0.17835   0.62893    1.79e-02   149.7625   167.2342   -31.2619    63.4829   -30.0282    -2.2218
   123  rigid      0.13524   0.17762   0.62672    1.51e-02   149.7625   167.2342   -31.2619    63.4829   -30.0282    -2.2218
   124  rigid      0.13524   0.17710   0.62523    1.25e-02   149.7625   167.2342   -31.2619    63.4829   -30.0282    -2.2218
   125  rigid      0.13526   0.17672   0.62423    1.04e-02   149.7625   167.2342   -31.2619    63.4829   -30.0282    -2.2218
   126  rigid      0.13530   0.17644   0.62357    8.60e-03   149.7625   167.2342   -31.2619    63.4829   -30.0282    -2.2218
   127  rigid      0.13540   0.17619   0.62265    8.63e-03   149.7625   167.2342   -31.2619    63.4829   -30.0282    -2.2218
   128  rigid      0.13551   0.17596   0.62149    7.50e-03   149.7625   167.2342   -31.2619    63.4829   -30.0282    -2.2218
   129  rigid      0.13565   0.17576   0.62042    8.50e-03   149.7625   167.2342   -31.2619    63.4829   -30.0282    -2.2218
   130  rigid      0.13576   0.17562   0.61978    7.03e-03   149.7625   167.2342   -31.2619    63.4829   -30.0282    -2.2218
   131  rigid      0.13585   0.17552   0.61939    5.81e-03   149.7625   167.2342   -31.2619    63.4829   -30.0282    -2.2218
   132  rigid      0.13591   0.17546   0.61915    4.85e-03   149.7625   167.2342   -31.2619    63.4829   -30.0282    -2.2218
   133  rigid      0.13596   0.17541   0.61900    4.04e-03   149.7625   167.2342   -31.2619    63.4829   -30.0282    -2.2218
   134  rigid      0.13599   0.17538   0.61893    3.39e-03   149.7625   167.2342   -31.2619    63.4829   -30.0282    -2.2218
   135  rigid      0.13602   0.17536   0.61889    2.82e-03   149.7625   167.2342   -31.2619    63.4829   -30.0282    -2.2218
   136  rigid      0.13604   0.17534   0.61887    2.35e-03   149.7625   167.2342   -31.2619    63.4829   -30.0282    -2.2218
   137  rigid      0.13606   0.17533   0.61887    1.95e-03   149.7625   167.2342   -31.2619    63.4829   -30.0282    -2.2218
   138  rigid      0.13607   0.17532   0.61887    1.62e-03   149.7625   167.2342   -31.2619    63.4829   -30.0282    -2.2218
   139  rigid      0.13609   0.17531   0.61888    1.35e-03   149.7625   167.2342   -31.2619    63.4829   -30.0282    -2.2218
   140  rigid      0.13610   0.17531   0.61890    1.12e-03   149.7625   167.2342   -31.2619    63.4829   -30.0282    -2.2218
   141  rigid      0.13610   0.17530   0.61891    9.35e-04   149.7625   167.2342   -31.2619    63.4829   -30.0282    -2.2218
   142  mode       0.10861   0.14218   0.49470    2.04e-01   148.3837   169.9590   -31.4293    64.4512   -30.8911    -2.1998
   143  mode       0.09558   0.12552   0.42001    1.41e-01   147.4559   171.6786   -31.4940    64.9543   -31.6408    -2.2646
   144  mode       0.09002   0.11723   0.37725    9.77e-02   146.8196   172.7849   -31.5037    65.1923   -32.2516    -2.3735
   145  mode       0.08772   0.11305   0.34913    6.89e-02   146.3757   173.5137   -31.4802    65.2927   -32.7345    -2.4930
   146  mode       0.08677   0.11090   0.33033    4.88e-02   146.0635   174.0013   -31.4446    65.3209   -33.1064    -2.6084
   147  mode       0.08647   0.10977   0.32630    3.47e-02   145.8404   174.3332   -31.4063    65.3144   -33.3884    -2.7135
   148  mode       0.08640   0.10914   0.32793    2.48e-02   145.6803   174.5598   -31.3689    65.2931   -33.6005    -2.8001
   149  mode       0.08644   0.10874   0.32845    1.95e-02   145.5456   174.7227   -31.3464    65.2629   -33.7856    -2.8859
   150  mode       0.08649   0.10851   0.32848    1.43e-02   145.4487   174.8392   -31.3234    65.2345   -33.9203    -2.9534
   151  mode       0.08653   0.10837   0.32812    1.17e-02   145.3721   174.9265   -31.3036    65.2022   -34.0384    -2.9954
   152  rigid      0.08039   0.10155   0.30878    3.76e-02   145.3721   174.9265   -31.3036    65.2022   -34.0384    -2.9954
   153  rigid      0.07672   0.09739   0.29558    2.85e-02   145.3721   174.9265   -31.3036    65.2022   -34.0384    -2.9954
   154  rigid      0.07423   0.09459   0.29995    2.35e-02   145.3721   174.9265   -31.3036    65.2022   -34.0384    -2.9954
   155  rigid      0.07261   0.09274   0.30594    1.96e-02   145.3721   174.9265   -31.3036    65.2022   -34.0384    -2.9954
   156  rigid      0.07150   0.09149   0.31031    1.63e-02   145.3721   174.9265   -31.3036    65.2022   -34.0384    -2.9954
   157  rigid      0.07068   0.09062   0.31363    1.39e-02   145.3721   174.9265   -31.3036    65.2022   -34.0384    -2.9954
   158  rigid      0.07020   0.09004   0.31611    1.16e-02   145.3721   174.9265   -31.3036    65.2022   -34.0384    -2.9954
   159  rigid      0.06987   0.08963   0.31796    9.84e-03   145.3721   174.9265   -31.3036    65.2022   -34.0384    -2.9954
   160  rigid      0.06964   0.08935   0.31938    8.18e-03   145.3721   174.9265   -31.3036    65.2022   -34.0384    -2.9954
   161  rigid      0.06948   0.08916   0.32049    6.80e-03   145.3721   174.9265   -31.3036    65.2022   -34.0384    -2.9954
   162  rigid      0.06939   0.08903   0.32135    5.66e-03   145.3721   174.9265   -31.3036    65.2022   -34.0384    -2.9954
   163  rigid      0.06933   0.08894   0.32204    4.71e-03   145.3721   174.9265   -31.3036    65.2022   -34.0384    -2.9954
   164  rigid      0.06929   0.08888   0.32257    3.93e-03   145.3721   174.9265   -31.3036    65.2022   -34.0384    -2.9954
   165  rigid      0.06926   0.08883   0.32300    3.29e-03   145.3721   174.9265   -31.3036    65.2022   -34.0384    -2.9954
   166  rigid      0.06924   0.08881   0.32334    2.75e-03   145.3721   174.9265   -31.3036    65.2022   -34.0384    -2.9954
   167  rigid      0.06922   0.08878   0.32362    2.30e-03   145.3721   174.9265   -31.3036    65.2022   -34.0384    -2.9954
   168  rigid      0.06920   0.08877   0.32384    1.93e-03   145.3721   174.9265   -31.3036    65.2022   -34.0384    -2.9954
   169  rigid      0.06919   0.08876   0.32401    1.61e-03   145.3721   174.9265   -31.3036    65.2022   -34.0384    -2.9954
   170  rigid      0.06918   0.08875   0.32415    1.35e-03   145.3721   174.9265   -31.3036    65.2022   -34.0384    -2.9954
   171  rigid      0.06917   0.08875   0.32427    1.13e-03   145.3721   174.9265   -31.3036    65.2022   -34.0384    -2.9954
   172  rigid      0.06917   0.08875   0.32436    9.50e-04   145.3721   174.9265   -31.3036    65.2022   -34.0384    -2.9954
   173  combined   0.06685   0.08609   0.31552    4.09e-02   145.0275   175.4797   -31.2675    65.3407   -34.2117    -3.0447
   174  combined   0.06578   0.08479   0.31069    2.86e-02   144.7812   175.8345   -31.2266    65.4056   -34.3611    -3.0992
   175  combined   0.06517   0.08406   0.30794    2.13e-02   144.5979   176.0736   -31.1878    65.4281   -34.4944    -3.1455
   176  combined   0.06479   0.08362   0.30657    1.56e-02   144.4620   176.2386   -31.1523    65.4330   -34.6001    -3.1889
   177  combined   0.06456   0.08334   0.30595    1.16e-02   144.3595   176.3565   -31.1208    65.4300   -34.6831    -3.2275
   178  combined   0.06440   0.08316   0.30575    8.99e-03   144.2809   176.4435   -31.0932    65.4240   -34.7480    -3.2606
   179  combined   0.06428   0.08303   0.30576    7.05e-03   144.2198   176.5095   -31.0694    65.4173   -34.7989    -3.2887
   180  combined   0.06420   0.08294   0.30589    5.59e-03   144.1716   176.5607   -31.0490    65.4109   -34.8389    -3.3121
   181  combined   0.06415   0.08288   0.30605    4.45e-03   144.1335   176.6012   -31.0317    65.4053   -34.8705    -3.3313
   182  combined   0.06412   0.08284   0.30623    3.55e-03   144.1032   176.6338   -31.0169    65.4003   -34.8956    -3.3468
   183  combined   0.06410   0.08281   0.30640    2.85e-03   144.0791   176.6602   -31.0043    65.3961   -34.9154    -3.3593
   184  combined   0.06408   0.08278   0.30656    2.30e-03   144.0597   176.6818   -30.9937    65.3927   -34.9313    -3.3694
   185  combined   0.06407   0.08277   0.30670    1.88e-03   144.0440   176.6997   -30.9847    65.3898   -34.9441    -3.3776
   186  combined   0.06406   0.08275   0.30682    1.56e-03   144.0310   176.7147   -30.9773    65.3877   -34.9547    -3.3845
   187  combined   0.06405   0.08275   0.30694    1.31e-03   144.0201   176.7274   -30.9711    65.3859   -34.9634    -3.3903
   188  combined   0.06405   0.08274   0.30703    1.09e-03   144.0109   176.7382   -30.9660    65.3845   -34.9706    -3.3951
   189  combined   0.06404   0.08273   0.30711    9.20e-04   144.0033   176.7474   -30.9616    65.3835   -34.9767    -3.3991
   190  combined   0.06404   0.08273   0.30719    8.61e-04   143.9958   176.7561   -30.9586    65.3827   -34.9824    -3.4025
   191  combined   0.06404   0.08273   0.30726    7.26e-04   143.9895   176.7634   -30.9559    65.3822   -34.9872    -3.4053
   192  combined   0.06404   0.08272   0.30731    6.26e-04   143.9843   176.7697   -30.9536    65.3818   -34.9911    -3.4077
   193  combined   0.06404   0.08272   0.30735    5.40e-04   143.9800   176.7750   -30.9516    65.3815   -34.9944    -3.4097
   194  combined   0.06404   0.08272   0.30738    4.65e-04   143.9763   176.7796   -30.9499    65.3814   -34.9972    -3.4113
   195  combined   0.06404   0.08272   0.30741    4.02e-04   143.9732   176.7835   -30.9484    65.3813   -34.9996    -3.4128
   196  combined   0.06404   0.08272   0.30743    3.47e-04   143.9706   176.7869   -30.9472    65.3812   -35.0016    -3.4140
   197  combined   0.06405   0.08272   0.30745    2.99e-04   143.9684   176.7897   -30.9461    65.3812   -35.0033    -3.4150
   198  combined   0.06405   0.08272   0.30746    2.58e-04   143.9666   176.7922   -30.9452    65.3812   -35.0047    -3.4159
   199  combined   0.06405   0.08272   0.30747    2.23e-04   143.9650   176.7943   -30.9444    65.3812   -35.0060    -3.4166
   200  combined   0.06405   0.08272   0.30748    1.92e-04   143.9637   176.7961   -30.9438    65.3813   -35.0070    -3.4172
   201  combined   0.06405   0.08272   0.30749    1.66e-04   143.9626   176.7977   -30.9432    65.3813   -35.0079    -3.4178
   202  combined   0.06405   0.08272   0.30750    1.43e-04   143.9616   176.7990   -30.9427    65.3814   -35.0087    -3.4182
   203  combined   0.06405   0.08272   0.30750    1.23e-04   143.9608   176.8002   -30.9423    65.3814   -35.0093    -3.4186
   204  combined   0.06405   0.08272   0.30751    1.07e-04   143.9601   176.8012   -30.9420    65.3814   -35.0099    -3.4189
   205  combined   0.06405   0.08272   0.30751    9.20e-05   143.9595   176.8020   -30.9417    65.3815   -35.0104    -3.4192
   206  combined   0.06405   0.08272   0.30751    7.94e-05   143.9590   176.8028   -30.9414    65.3815   -35.0108    -3.4195
   207  combined   0.06405   0.08272   0.30751    6.85e-05   143.9586   176.8034   -30.9412    65.3816   -35.0111    -3.4197
   208  combined   0.06405   0.08272   0.30752    5.91e-05   143.9582   176.8039   -30.9410    65.3816   -35.0114    -3.4199
   209  combined   0.06405   0.08272   0.30752    5.10e-05   143.9579   176.8044   -30.9409    65.3817   -35.0117    -3.4200
   210  combined   0.06405   0.08272   0.30752    4.40e-05   143.9576   176.8048   -30.9407    65.3817   -35.0119    -3.4202
   211  combined   0.06405   0.08272   0.30752    3.80e-05   143.9574   176.8051   -30.9406    65.3817   -35.0121    -3.4203
   212  combined   0.06405   0.08272   0.30752    3.28e-05   143.9572   176.8054   -30.9405    65.3818   -35.0123    -3.4204
   213  combined   0.06405   0.08272   0.30752    2.83e-05   143.9571   176.8057   -30.9404    65.3818   -35.0124    -3.4204
   214  combined   0.06405   0.08272   0.30752    2.45e-05   143.9569   176.8059   -30.9404    65.3818   -35.0125    -3.4205
   215  combined   0.06405   0.08272   0.30752    2.11e-05   143.9568   176.8061   -30.9403    65.3818   -35.0126    -3.4206
   216  combined   0.06405   0.08272   0.30752    1.82e-05   143.9567   176.8063   -30.9402    65.3819   -35.0127    -3.4206
   217  combined   0.06405   0.08272   0.30752    1.57e-05   143.9566   176.8064   -30.9402    65.3819   -35.0128    -3.4207
   218  combined   0.06405   0.08272   0.30752    1.36e-05   143.9565   176.8065   -30.9402    65.3819   -35.0128    -3.4207
   219  combined   0.06405   0.08272   0.30752    1.17e-05   143.9565   176.8066   -30.9401    65.3819   -35.0129    -3.4207
   220  combined   0.06405   0.08272   0.30752    1.01e-05   143.9564   176.8067   -30.9401    65.3819   -35.0129    -3.4208
   221  combined   0.06405   0.08272   0.30752    8.74e-06   143.9563   176.8068   -30.9401    65.3819   -35.0130    -3.4208
