PA5-J-Unknown: converged
  step  kind       mean_mm    rms_mm    max_mm   motion_mm   lambda_1   lambda_2   lambda_3   lambda_4   lambda_5   lambda_6
     1  rigid      2.88286   3.47188   8.54843    1.08e+00     0.0000     0.0000     0.0000     0.0000     0.0000     0.0000
     2  rigid      2.77702   3.39252   8.60023    7.23e-01     0.0000     0.0000     0.0000     0.0000     0.0000     0.0000
     3  rigid      2.72075   3.35569   8.61514    4.93e-01     0.0000     0.0000     0.0000     0.0000     0.0000     0.0000
     4  rigid      2.68204   3.33653   8.66311    3.65e-01     0.0000     0.0000     0.0000     0.0000     0.0000     0.0000
     5  rigid      2.65800   3.32776   8.70235    2.55e-01     0.0000     0.0000     0.0000     0.0000     0.0000     0.0000
     6  rigid      2.64358   3.32381   8.73653    1.66e-01     0.0000     0.0000     0.0000     0.0000     0.0000     0.0000
     7  rigid      2.63550   3.32177   8.75453    1.15e-01     0.0000     0.0000     0.0000     0.0000     0.0000     0.0000
     8  rigid      2.63113   3.32065   8.76069    8.20e-02     0.0000     0.0000     0.0000     0.0000     0.0000     0.0000
     9  rigid      2.62730   3.32040   8.77894    7.57e-02     0.0000     0.0000     0.0000     0.0000     0.0000     0.0000
    10  rigid      2.62487   3.32030   8.78700    4.97e-02     0.0000     0.0000     0.0000     0.0000     0.0000     0.0000
    11  rigid      2.62337   3.32024   8.79023    3.32e-02     0.0000     0.0000     0.0000     0.0000     0.0000     0.0000
    12  rigid      2.62240   3.32019   8.79126    2.27e-02     0.0000     0.0000     0.0000     0.0000     0.0000     0.0000
    13  rigid      2.62128   3.32026   8.79845    2.81e-02     0.0000     0.0000     0.0000     0.0000     0.0000     0.0000
    14  rigid      2.62059   3.32027   8.80194    1.97e-02     0.0000     0.0000     0.0000     0.0000     0.0000     0.0000
    15  rigid      2.62009   3.32025   8.80351    1.49e-02     0.0000     0.0000     0.0000     0.0000     0.0000     0.0000
    16  rigid      2.61963   3.32017   8.80386    1.69e-02     0.0000     0.0000     0.0000     0.0000     0.0000     0.0000
    17  rigid      2.61933   3.32011   8.80389    1.29e-02     0.0000     0.0000     0.0000     0.0000     0.0000     0.0000
    18  rigid      2.61910   3.32006   8.80394    9.86e-03     0.0000     0.0000     0.0000     0.0000     0.0000     0.0000
    19  rigid      2.61893   3.32003   8.80398    7.63e-03     0.0000     0.0000     0.0000     0.0000     0.0000     0.0000
    20  rigid      2.61871   3.32003   8.80515    8.56e-03     0.0000     0.0000     0.0000     0.0000     0.0000     0.0000
    21  rigid      2.61855   3.32003   8.80593    6.63e-03     0.0000     0.0000     0.0000     0.0000     0.0000     0.0000
    22  rigid      2.61845   3.32002   8.80633    5.60e-03     0.0000     0.0000     0.0000     0.0000     0.0000     0.0000
    23  rigid      2.61838   3.32002   8.80668    4.42e-03     0.0000     0.0000     0.0000     0.0000     0.0000     0.0000
    24  rigid      2.61832   3.32002   8.80697    3.49e-03     0.0000     0.0000     0.0000     0.0000     0.0000     0.0000
    25  rigid      2.61828   3.32001   8.80722    2.76e-03     0.0000     0.0000     0.0000     0.0000     0.0000     0.0000
    26  rigid      2.61825   3.32001   8.80743    2.19e-03     0.0000     0.0000     0.0000     0.0000     0.0000     0.0000
    27  rigid      2.61823   3.32001   8.80760    1.73e-03     0.0000     0.0000     0.0000     0.0000     0.0000     0.0000
    28  rigid      2.61821   3.32001   8.80775    1.38e-03     0.0000     0.0000     0.0000     0.0000     0.0000     0.0000
    29  rigid      2.61820   3.32001   8.80787    1.09e-03     0.0000     0.0000     0.0000     0.0000     0.0000     0.0000
    30  rigid      2.61819   3.32001   8.80797    8.70e-04     0.0000     0.0000     0.0000     0.0000     0.0000     0.0000
    31  mode       1.68102   2.11553   5.95331    5.50e+00     4.5494   -52.9178   -24.1794   -50.2874     1.3376   -38.9628
    32  mode       1.08709   1.38364   4.27048    3.49e+00     6.3214   -83.4728   -38.4289   -82.5749     3.5727   -65.0753
    33  mode       0.75510   0.98441   3.19948    2.11e+00     5.4098  -101.2350   -46.1677  -102.7047     5.5971   -80.5542
    34  mode       0.58468   0.77552   2.49931    1.34e+00     3.3047  -112.8877   -50.2660  -115.2044     7.4124   -89.4687
    35  mode       0.50997   0.67421   2.12494    8.60e-01     1.1861  -120.3956   -52.7634  -122.7076     8.7379   -94.8799
    36  mode       0.48316   0.62506   1.90944    5.84e-01    -0.5314  -125.4515   -54.3915  -127.5258     9.8521   -98.3342
    37  mode       0.47271   0.60246   1.74961    3.71e-01    -1.7738  -128.6902   -55.3677  -130.6791    10.6041  -100.4351
    38  mode       0.47143   0.59163   1.64289    2.65e-01    -3.0065  -131.0286   -56.0536  -132.7030    11.1506  -101.7845
    39  mode       0.47149   0.58687   1.57316    1.77e-01    -3.8830  -132.5307   -56.5075  -133.9984    11.6000  -102.6349
    40  mode       0.47190   0.58465   1.57244    1.21e-01    -4.6276  -133.5335   -56.8511  -134.7726    11.9333  -103.1205
    41  rigid      0.36430   0.46310   1.28069    3.79e-01    -4.6276  -133.5335   -56.8511  -134.7726    11.9333  -103.1205
    42  rigid      0.29257   0.37880   1.10273    2.89e-01    -4.6276  -133.5335   -56.8511  -134.7726    11.9333  -103.1205
    43  rigid      0.24455   0.32005   1.01131    2.23e-01    -4.6276  -133.5335   -56.8511  -134.7726    11.9333  -103.1205
    44  rigid      0.21882   0.28814   0.96531    1.34e-01    -4.6276  -133.5335   -56.8511  -134.7726    11.9333  -103.1205
    45  rigid      0.20220   0.26639   0.92634    1.04e-01    -4.6276  -133.5335   -56.8511  -134.7726    11.9333  -103.1205
    46  rigid      0.19017   0.24882   0.88113    9.58e-02    -4.6276  -133.5335   -56.8511  -134.7726    11.9333  -103.1205
    47  rigid      0.18108   0.23506   0.81308    8.28e-02    -4.6276  -133.5335   -56.8511  -134.7726    11.9333  -103.1205
    48  rigid      0.17445   0.22475   0.75536    7.02e-02    -4.6276  -133.5335   -56.8511  -134.7726    11.9333  -103.1205
    49  rigid      0.16936   0.21711   0.70748    5.93e-02    -4.6276  -133.5335   -56.8511  -134.7726    11.9333  -103.1205
    50  rigid      0.16567   0.21153   0.66808    4.95e-02    -4.6276  -133.5335   -56.8511  -134.7726    11.9333  -103.1205
    51  rigid      0.16290   0.20691   0.63045    4.85e-02    -4.6276  -133.5335   -56.8511  -134.7726    11.9333  -103.1205
    52  rigid      0.16114   0.20351   0.59831    4.14e-02    -4.6276  -133.5335   -56.8511  -134.7726    11.9333  -103.1205
    53  rigid      0.15996   0.20102   0.60384    3.38e-02    -4.6276  -133.5335   -56.8511  -134.7726    11.9333  -103.1205
    54  rigid      0.15917   0.19929   0.60991    2.77e-02    -4.6276  -133.5335   -56.8511  -134.7726    11.9333  -103.1205
    55  rigid      0.15868   0.19808   0.61494    2.32e-02    -4.6276  -133.5335   -56.8511  -134.7726    11.9333  -103.1205
    56  rigid      0.15843   0.19721   0.61913    1.94e-02    -4.6276  -133.5335   -56.8511  -134.7726    11.9333  -103.1205
    57  rigid      0.15823   0.19658   0.62267    1.65e-02    -4.6276  -133.5335   -56.8511  -134.7726    11.9333  -103.1205
    58  rigid      0.15814   0.19604   0.62442    1.47e-02    -4.6276  -133.5335   -56.8511  -134.7726    11.9333  -103.1205
    59  rigid      0.15803   0.19552   0.62692    1.59e-02    -4.6276  -133.5335   -56.8511  -134.7726    11.9333  -103.1205
    60  rigid      0.15799   0.19516   0.62927    1.32e-02    -4.6276  -133.5335   -56.8511  -134.7726    11.9333  -103.1205
    61  rigid      0.15792   0.19493   0.63265    1.22e-02    -4.6276  -133.5335   -56.8511  -134.7726    11.9333  -103.1205
    62  rigid      0.15786   0.19477   0.63529    9.96e-03    -4.6276  -133.5335   -56.8511  -134.7726    11.9333  -103.1205
    63  rigid      0.15782   0.19466   0.63738    8.13e-03    -4.6276  -133.5335   -56.8511  -134.7726    11.9333  -103.1205
    64  rigid      0.15782   0.19458   0.63905    6.67e-03    -4.6276  -133.5335   -56.8511  -134.7726    11.9333  -103.1205
    65  rigid      0.15782   0.19450   0.63992    6.57e-03    -4.6276  -133.5335   -56.8511  -134.7726    11.9333  -103.1205
    66  rigid      0.15787   0.19440   0.64079    7.41e-03    -4.6276  -133.5335   -56.8511  -134.7726    11.9333  -103.1205
    67  rigid      0.15792   0.19433   0.64163    5.95e-03    -4.6276  -133.5335   -56.8511  -134.7726    11.9333  -103.1205
    68  rigid      0.15796   0.19429   0.64242    4.83e-03    -4.6276  -133.5335   -56.8511  -134.7726    11.9333  -103.1205
    69  rigid      0.15798   0.19426   0.64313    3.95e-03    -4.6276  -133.5335   -56.8511  -134.7726    11.9333  -103.1205
    70  rigid      0.15800   0.19425   0.64377    3.29e-03    -4.6276  -133.5335   -56.8511  -134.7726    11.9333  -103.1205
    71  rigid      0.15802   0.19424   0.64433    2.76e-03    -4.6276  -133.5335   -56.8511  -134.7726    11.9333  -103.1205
    72  rigid      0.15804   0.19423   0.64481    2.31e-03    -4.6276  -133.5335   -56.8511  -134.7726    11.9333  -103.1205
    73  rigid      0.15806   0.19423   0.64523    1.94e-03    -4.6276  -133.5335   -56.8511  -134.7726    11.9333  -103.1205
    74  rigid      0.15808   0.19422   0.64559    1.62e-03    -4.6276  -133.5335   -56.8511  -134.7726    11.9333  -103.1205
    75  rigid      0.15809   0.19422   0.64589    1.36e-03    -4.6276  -133.5335   -56.8511  -134.7726    11.9333  -103.1205
    76  rigid      0.15810   0.19422   0.64615    1.13e-03    -4.6276  -133.5335   -56.8511  -134.7726    11.9333  -103.1205
    77  rigid      0.15811   0.19422   0.64637    9.41e-04    -4.6276  -133.5335   -56.8511  -134.7726    11.9333  -103.1205
    78  mode       0.12111   0.14877   0.47675    2.49e-01    -4.6090  -136.9224   -56.7037  -134.2935    12.5995  -104.7125
    79  mode       0.09928   0.12278   0.36085    1.74e-01    -4.6717  -139.1599   -56.6480  -133.9043    13.1394  -105.7989
    80  mode       0.08750   0.10865   0.31158    1.25e-01    -4.7737  -140.6538   -56.6560  -133.6124    13.5995  -106.5300
    81  mode       0.08103   0.10134   0.32820    8.99e-02    -4.8817  -141.6531   -56.6975  -133.3943    13.9728  -107.0228
    82  mode       0.07762   0.09763   0.33881    6.42e-02    -4.9769  -142.3236   -56.7518  -133.2210    14.2685  -107.3519
    83  mode       0.07566   0.09573   0.34566    4.67e-02    -5.0581  -142.7808   -56.8097  -133.0844    14.5037  -107.5744
    84  mode       0.07451   0.09476   0.35007    3.36e-02    -5.1253  -143.0919   -56.8642  -132.9763    14.6849  -107.7220
    85  mode       0.07392   0.09426   0.35294    2.45e-02    -5.1778  -143.3067   -56.9137  -132.8913    14.8235  -107.8224
    86  mode       0.07360   0.09400   0.35484    1.77e-02    -5.2205  -143.4548   -56.9566  -132.8252    14.9286  -107.8883
    87  mode       0.07342   0.09386   0.35610    1.29e-02    -5.2548  -143.5577   -56.9931  -132.7744    15.0084  -107.9309
    88  rigid      0.07108   0.09071   0.33627    3.17e-02    -5.2548  -143.5577   -56.9931  -132.7744    15.0084  -107.9309
    89  rigid      0.06964   0.08874   0.32090    2.46e-02    -5.2548  -143.5577   -56.9931  -132.7744    15.0084  -107.9309
    90  rigid      0.06871   0.08750   0.30889    1.92e-02    -5.2548  -143.5577   -56.9931  -132.7744    15.0084  -107.9309
    91  rigid      0.06809   0.08672   0.29942    1.51e-02    -5.2548  -143.5577   -56.9931  -132.7744    15.0084  -107.9309
    92  rigid      0.06761   0.08621   0.29197    1.20e-02    -5.2548  -143.5577   -56.9931  -132.7744    15.0084  -107.9309
    93  rigid      0.06729   0.08588   0.28600    9.47e-03    -5.2548  -143.5577   -56.9931  -132.7744    15.0084  -107.9309
    94  rigid      0.06707   0.08567   0.28359    7.51e-03    -5.2548  -143.5577   -56.9931  -132.7744    15.0084  -107.9309
    95  rigid      0.06691   0.08553   0.28555    6.01e-03    -5.2548  -143.5577   -56.9931  -132.7744    15.0084  -107.9309
    96  rigid      0.06678   0.08544   0.28717    4.82e-03    -5.2548  -143.5577   -56.9931  -132.7744    15.0084  -107.9309
    97  rigid      0.06668   0.08538   0.28852    3.87e-03    -5.2548  -143.5577   -56.9931  -132.7744    15.0084  -107.9309
    98  rigid      0.06661   0.08535   0.28963    3.12e-03    -5.2548  -143.5577   -56.9931  -132.7744    15.0084  -107.9309
    99  rigid      0.06656   0.08532   0.29056    2.52e-03    -5.2548  -143.5577   -56.9931  -132.7744    15.0084  -107.9309
   100  rigid      0.06651   0.08530   0.29133    2.05e-03    -5.2548  -143.5577   -56.9931  -132.7744    15.0084  -107.9309
   101  rigid      0.06648   0.08529   0.29198    1.69e-03    -5.2548  -143.5577   -56.9931  -132.7744    15.0084  -107.9309
   102  rigid      0.06647   0.08528   0.29253    1.39e-03    -5.2548  -143.5577   -56.9931  -132.7744    15.0084  -107.9309
   103  rigid      0.06646   0.08528   0.29298    1.14e-03    -5.2548  -143.5577   -56.9931  -132.7744    15.0084  -107.9309
   104  rigid      0.06645   0.08528   0.29336    9.40e-04    -5.2548  -143.5577   -56.9931  -132.7744    15.0084  -107.9309
   105  mode       0.06583   0.08460   0.29003    1.91e-02    -5.2279  -143.8222   -56.9853  -132.6295    15.1151  -108.0044
   106  mode       0.06550   0.08427   0.28798    1.41e-02    -5.2142  -143.9986   -56.9885  -132.5267    15.2019  -108.0572
   107  mode       0.06531   0.08410   0.28670    1.04e-02    -5.2086  -144.1175   -56.9969  -132.4531    15.2703  -108.0944
   108  mode       0.06520   0.08402   0.28589    7.73e-03    -5.2078  -144.1983   -57.0072  -132.4000    15.3232  -108.1204
   109  mode       0.06513   0.08397   0.28535    5.88e-03    -5.2104  -144.2545   -57.0191  -132.3611    15.3640  -108.1386
   110  mode       0.06508   0.08395   0.28499    4.37e-03    -5.2142  -144.2935   -57.0298  -132.3327    15.3952  -108.1511
   111  mode       0.06506   0.08394   0.28476    3.25e-03    -5.2185  -144.3207   -57.0390  -132.3119    15.4187  -108.1596
   112  mode       0.06504   0.08393   0.28457    2.58e-03    -5.2239  -144.3412   -57.0458  -132.2969    15.4372  -108.1668
   113  mode       0.06504   0.08393   0.28445    1.92e-03    -5.2286  -144.3557   -57.0516  -132.2858    15.4512  -108.1717
   114  mode       0.06504   0.08393   0.28436    1.43e-03    -5.2325  -144.3659   -57.0565  -132.2775    15.4616  -108.1749
   115  rigid      0.06498   0.08387   0.28579    4.05e-03    -5.2325  -144.3659   -57.0565  -132.2775    15.4616  -108.1749
   116  rigid      0.06494   0.08384   0.28687    3.17e-03    -5.2325  -144.3659   -57.0565  -132.2775    15.4616  -108.1749
   117  rigid      0.06491   0.08382   0.28769    2.50e-03    -5.2325  -144.3659   -57.0565  -132.2775    15.4616  -108.1749
   118  rigid      0.06489   0.08380   0.28834    1.98e-03    -5.2325  -144.3659   -57.0565  -132.2775    15.4616  -108.1749
   119  rigid      0.06488   0.08379   0.28886    1.57e-03    -5.2325  -144.3659   -57.0565  -132.2775    15.4616  -108.1749
   120  rigid      0.06487   0.08379   0.28927    1.25e-03    -5.2325  -144.3659   -57.0565  -132.2775    15.4616  -108.1749
   121  rigid      0.06486   0.08378   0.28960    9.97e-04    -5.2325  -144.3659   -57.0565  -132.2775    15.4616  -108.1749
   122  combined   0.06483   0.08377   0.28960    2.19e-03    -5.2310  -144.3913   -57.0555  -132.2604    15.4785  -108.1824
   123  combined   0.06480   0.08377   0.28969    1.69e-03    -5.2304  -144.4095   -57.0558  -132.2477    15.4917  -108.1880
   124  combined   0.06478   0.08376   0.28982    1.32e-03    -5.2303  -144.4229   -57.0567  -132.2380    15.5019  -108.1921
   125  combined   0.06477   0.08376   0.28995    1.03e-03    -5.2305  -144.4331   -57.0578  -132.2305    15.5101  -108.1951
   126  combined   0.06476   0.08376   0.29008    8.10e-04    -5.2309  -144.4408   -57.0589  -132.2246    15.5165  -108.1972
   127  combined   0.06475   0.08376   0.29020    6.42e-04    -5.2312  -144.4469   -57.0599  -132.2199    15.5217  -108.1988
   128  combined   0.06474   0.08375   0.29030    5.12e-04    -5.2315  -144.4517   -57.0608  -132.2161    15.5258  -108.2000
   129  combined   0.06473   0.08375   0.29039    4.12e-04    -5.2318  -144.4555   -57.0615  -132.2130    15.5292  -108.2008
   130  combined   0.06473   0.08375   0.29047    3.33e-04    -5.2321  -144.4586   -57.0622  -132.2105    15.5319  -108.2015
   131  combined   0.06473   0.08375   0.29054    2.71e-04    -5.2323  -144.4611   -57.0628  -132.2084    15.5341  -108.2020
   132  combined   0.06472   0.08375   0.29060    2.21e-04    -5.2325  -144.4631   -57.0633  -132.2067    15.5359  -108.2023
   133  combined   0.06472   0.08375   0.29065    1.81e-04    -5.2326  -144.4648   -57.0637  -132.2053    15.5374  -108.2026
   134  combined   0.06472   0.08375   0.29069    1.49e-04    -5.2327  -144.4662   -57.0640  -132.2041    15.5387  -108.2029
   135  combined   0.06472   0.08375   0.29072    1.23e-04    -5.2328  -144.4674   -57.0643  -132.2032    15.5397  -108.2030
   136  combined   0.06472   0.08375   0.29075    1.02e-04    -5.2329  -144.4683   -57.0645  -132.2024    15.5405  -108.2032
   137  combined   0.06472   0.08375   0.29078    8.49e-05    -5.2329  -144.4691   -57.0647  -132.2017    15.5412  -108.2033
   138  combined   0.06472   0.08375   0.29080    7.14e-05    -5.2330  -144.4698   -57.0649  -132.2012    15.5418  -108.2034
   139  combined   0.06472   0.08375   0.29082    6.00e-05    -5.2330  -144.4704   -57.0650  -132.2007    15.5423  -108.2035
   140  combined   0.06472   0.08375   0.29083    5.05e-05    -5.2331  -144.4708   -57.0651  -132.2003    15.5427  -108.2036
   141  combined   0.06472   0.08375   0.29085    4.24e-05    -5.2331  -144.4712   -57.0652  -132.2000    15.5430  -108.2036
   142  combined   0.06472   0.08375   0.29086    3.57e-05    -5.2331  -144.4716   -57.0653  -132.1997    15.5433  -108.2036
   143  combined   0.06471   0.08375   0.29087    3.00e-05    -5.2331  -144.4718   -57.0654  -132.1995    15.5436  -108.2037
   144  combined   0.06471   0.08375   0.29088    2.52e-05    -5.2331  -144.4721   -57.0654  -132.1993    15.5437  -108.2037
   145  combined   0.06471   0.08375   0.29088    2.12e-05    -5.2331  -144.4723   -57.0655  -132.1992    15.5439  -108.2037
   146  combined   0.06471   0.08375   0.29089    1.78e-05    -5.2332  -144.4724   -57.0655  -132.1990    15.5440  -108.2038
   147  combined   0.06471   0.08375   0.29089    1.50e-05    -5.2332  -144.4726   -57.0655  -132.1989    15.5442  -108.2038
   148  combined   0.06471   0.08375   0.29090    1.26e-05    -5.2332  -144.4727   -57.0656  -132.1988    15.5442  -108.2038
   149  combined   0.06471   0.08375   0.29090    1.06e-05    -5.2332  -144.4728   -57.0656  -132.1987    15.5443  -108.2038
   150  combined   0.06471   0.08375   0.29090    8.87e-06    -5.2332  -144.4728   -57.0656  -132.1987    15.5444  -108.2038
