PA5-H-Unknown: converged
  step  kind       mean_mm    rms_mm    max_mm   motion_mm   lambda_1   lambda_2   lambda_3   lambda_4   lambda_5   lambda_6
     1  rigid      2.59765   3.28494  10.55011    9.43e-01     0.0000     0.0000     0.0000     0.0000     0.0000     0.0000
     2  rigid      2.52025   3.21385  10.74523    7.64e-01     0.0000     0.0000     0.0000     0.0000     0.0000     0.0000
     3  rigid      2.45827   3.16884  10.85714    6.30e-01     0.0000     0.0000     0.0000     0.0000     0.0000     0.0000
     4  rigid      2.41510   3.14263  11.02349    5.10e-01     0.0000     0.0000     0.0000     0.0000     0.0000     0.0000
     5  rigid      2.38332   3.12613  11.09341    4.15e-01     0.0000     0.0000     0.0000     0.0000     0.0000     0.0000
     6  rigid      2.35779   3.11498  11.12361    3.36e-01     0.0000     0.0000     0.0000     0.0000     0.0000     0.0000
     7  rigid      2.33233   3.10577  11.10977    3.19e-01     0.0000     0.0000     0.0000     0.0000     0.0000     0.0000
     8  rigid      2.30900   3.09989  11.09010    2.89e-01     0.0000     0.0000     0.0000     0.0000     0.0000     0.0000
     9  rigid      2.29039   3.09632  11.04639    2.53e-01     0.0000     0.0000     0.0000     0.0000     0.0000     0.0000
    10  rigid      2.27692   3.09454  11.00472    2.16e-01     0.0000     0.0000     0.0000     0.0000     0.0000     0.0000
    11  rigid      2.26409   3.09416  10.95755    2.06e-01     0.0000     0.0000     0.0000     0.0000     0.0000     0.0000
    12  rigid      2.25176   3.09669  10.92207    2.03e-01     0.0000     0.0000     0.0000     0.0000     0.0000     0.0000
    13  rigid      2.24354   3.09969  10.88735    1.50e-01     0.0000     0.0000     0.0000     0.0000     0.0000     0.0000
    14  rigid      2.23852   3.10240  10.86039    1.09e-01     0.0000     0.0000     0.0000     0.0000     0.0000     0.0000
    15  rigid      2.23416   3.10586  10.83725    1.07e-01     0.0000     0.0000     0.0000     0.0000     0.0000     0.0000
    16  rigid      2.23200   3.10856  10.81797    7.82e-02     0.0000     0.0000     0.0000     0.0000     0.0000     0.0000
    17  rigid      2.23002   3.11104  10.80122    6.23e-02     0.0000     0.0000     0.0000     0.0000     0.0000     0.0000
    18  rigid      2.22777   3.11411  10.78265    7.15e-02     0.0000     0.0000     0.0000     0.0000     0.0000     0.0000
    19  rigid      2.22562   3.11813  10.76744    8.55e-02     0.0000     0.0000     0.0000     0.0000     0.0000     0.0000
    20  rigid      2.22424   3.12145  10.75416    6.70e-02     0.0000     0.0000     0.0000     0.0000     0.0000     0.0000
    21  rigid      2.22347   3.12398  10.74442    4.76e-02     0.0000     0.0000     0.0000     0.0000     0.0000     0.0000
    22  rigid      2.22314   3.12608  10.73717    4.08e-02     0.0000     0.0000     0.0000     0.0000     0.0000     0.0000
    23  rigid      2.22286   3.12788  10.73124    3.35e-02     0.0000     0.0000     0.0000     0.0000     0.0000     0.0000
    24  rigid      2.22267   3.12940  10.72666    2.85e-02     0.0000     0.0000     0.0000     0.0000     0.0000     0.0000
    25  rigid      2.22254   3.13064  10.72327    2.23e-02     0.0000     0.0000     0.0000     0.0000     0.0000     0.0000
    26  rigid      2.22253   3.13156  10.72069    1.83e-02     0.0000     0.0000     0.0000     0.0000     0.0000     0.0000
    27  rigid      2.22250   3.13246  10.72019    1.60e-02     0.0000     0.0000     0.0000     0.0000     0.0000     0.0000
    28  rigid      2.22247   3.13313  10.72013    1.22e-02     0.0000     0.0000     0.0000     0.0000     0.0000     0.0000
    29  rigid      2.22246   3.13382  10.71930    1.49e-02     0.0000     0.0000     0.0000     0.0000     0.0000     0.0000
    30  rigid      2.22247   3.13433  10.71893    1.09e-02     0.0000     0.0000     0.0000     0.0000     0.0000     0.0000
    31  rigid      2.22249   3.13476  10.71866    8.77e-03     0.0000     0.0000     0.0000     0.0000     0.0000     0.0000
    32  rigid      2.22251   3.13509  10.71858    6.59e-03     0.0000     0.0000     0.0000     0.0000     0.0000     0.0000
    33  rigid      2.22252   3.13552  10.71872    9.07e-03     0.0000     0.0000     0.0000     0.0000     0.0000     0.0000
    34  rigid      2.22254   3.13585  10.71887    6.71e-03     0.0000     0.0000     0.0000     0.0000     0.0000     0.0000
    35  rigid      2.22255   3.13609  10.71902    4.99e-03     0.0000     0.0000     0.0000     0.0000     0.0000     0.0000
    36  rigid      2.22256   3.13627  10.71917    3.72e-03     0.0000     0.0000     0.0000     0.0000     0.0000     0.0000
    37  rigid      2.22258   3.13641  10.71931    2.79e-03     0.0000     0.0000     0.0000     0.0000     0.0000     0.0000
    38  rigid      2.22259   3.13651  10.71943    2.11e-03     0.0000     0.0000     0.0000     0.0000     0.0000     0.0000
    39  rigid      2.22260   3.13658  10.71953    1.60e-03     0.0000     0.0000     0.0000     0.0000     0.0000     0.0000
    40  rigid      2.22261   3.13664  10.71962    1.21e-03     0.0000     0.0000     0.0000     0.0000     0.0000     0.0000
    41  rigid      2.22261   3.13668  10.71970    9.29e-04     0.0000     0.0000     0.0000     0.0000     0.0000     0.0000
    42  mode       1.68070   2.30501   8.79868    4.11e+00    44.6006    32.1852    -8.3928   -27.8223    26.6772     5.4591
    43  mode       1.37803   1.87552   7.38571    3.13e+00    67.5305    49.6890   -17.9041   -48.5804    46.9515    15.5847
    44  mode       1.21527   1.63186   6.29974    2.30e+00    81.1026    59.8420   -27.1155   -64.7464    58.8135    27.6009
    45  mode       1.11907   1.49259   5.36027    1.71e+00    87.3249    65.3572   -35.6492   -76.0141    64.9180    39.8539
    46  mode       1.05021   1.39313   4.50772    1.25e+00    90.2456    68.4658   -41.9876   -84.8281    65.7407    51.7840
    47  mode       1.00516   1.32440   4.01686    9.88e-01    92.3977    70.4204   -47.3659   -91.6771    65.4369    61.6255
    48  mode       0.97512   1.27588   3.81668    7.81e-01    93.0579    71.9341   -51.6984   -97.2424    64.0652    69.5769
    49  mode       0.95241   1.24251   3.68095    6.10e-01    93.3415    72.7974   -55.2758  -101.4884    62.0177    76.2047
    50  mode       0.93719   1.22097   3.58071    4.89e-01    93.7325    73.1838   -58.3517  -104.5378    60.1888    81.3612
    51  mode       0.92407   1.20492   3.51228    4.06e-01    93.8989    73.7668   -60.8798  -106.7782    58.1199    85.5900
    52  rigid      0.76190   0.99456   2.91073    1.09e+00    93.8989    73.7668   -60.8798  -106.7782    58.1199    85.5900
    53  rigid      0.64802   0.85363   2.98472    8.04e-01    93.8989    73.7668   -60.8798  -106.7782    58.1199    85.5900
    54  rigid      0.57831   0.77016   3.00785    5.48e-01    93.8989    73.7668   -60.8798  -106.7782    58.1199    85.5900
    55  rigid      0.53715   0.72560   3.04519    3.74e-01    93.8989    73.7668   -60.8798  -106.7782    58.1199    85.5900
    56  rigid      0.51324   0.69934   3.07849    2.84e-01    93.8989    73.7668   -60.8798  -106.7782    58.1199    85.5900
    57  rigid      0.49705   0.68239   3.09785    2.17e-01    93.8989    73.7668   -60.8798  -106.7782    58.1199    85.5900
    58  rigid      0.48794   0.67113   3.11087    1.74e-01    93.8989    73.7668   -60.8798  -106.7782    58.1199    85.5900
    59  rigid      0.48183   0.66400   3.13159    1.63e-01    93.8989    73.7668   -60.8798  -106.7782    58.1199    85.5900
    60  rigid      0.47796   0.66001   3.14766    1.27e-01    93.8989    73.7668   -60.8798  -106.7782    58.1199    85.5900
    61  rigid      0.47543   0.65761   3.15487    9.18e-02    93.8989    73.7668   -60.8798  -106.7782    58.1199    85.5900
    62  rigid      0.47364   0.65626   3.15853    6.69e-02    93.8989    73.7668   -60.8798  -106.7782    58.1199    85.5900
    63  rigid      0.47225   0.65548   3.16075    5.21e-02    93.8989    73.7668   -60.8798  -106.7782    58.1199    85.5900
    64  rigid      0.47131   0.65505   3.16188    3.84e-02    93.8989    73.7668   -60.8798  -106.7782    58.1199    85.5900
    65  rigid      0.47081   0.65483   3.16255    2.86e-02    93.8989    73.7668   -60.8798  -106.7782    58.1199    85.5900
    66  rigid      0.47041   0.65563   3.17465    4.65e-02    93.8989    73.7668   -60.8798  -106.7782    58.1199    85.5900
    67  rigid      0.47005   0.65623   3.18218    3.32e-02    93.8989    73.7668   -60.8798  -106.7782    58.1199    85.5900
    68  rigid      0.46981   0.65672   3.18764    2.57e-02    93.8989    73.7668   -60.8798  -106.7782    58.1199    85.5900
    69  rigid      0.46965   0.65714   3.19184    1.99e-02    93.8989    73.7668   -60.8798  -106.7782    58.1199    85.5900
    70  rigid      0.46959   0.65740   3.19430    1.51e-02    93.8989    73.7668   -60.8798  -106.7782    58.1199    85.5900
    71  rigid      0.46957   0.65759   3.19591    1.10e-02    93.8989    73.7668   -60.8798  -106.7782    58.1199    85.5900
    72  rigid      0.46957   0.65772   3.19696    8.03e-03    93.8989    73.7668   -60.8798  -106.7782    58.1199    85.5900
    73  rigid      0.46958   0.65782   3.19765    5.88e-03    93.8989    73.7668   -60.8798  -106.7782    58.1199    85.5900
    74  rigid      0.46959   0.65788   3.19810    4.33e-03    93.8989    73.7668   -60.8798  -106.7782    58.1199    85.5900
    75  rigid      0.46949   0.65774   3.19647    7.93e-03    93.8989    73.7668   -60.8798  -106.7782    58.1199    85.5900
    76  rigid      0.46943   0.65767   3.19549    5.53e-03    93.8989    73.7668   -60.8798  -106.7782    58.1199    85.5900
    77  rigid      0.46940   0.65763   3.19489    3.90e-03    93.8989    73.7668   -60.8798  -106.7782    58.1199    85.5900
    78  rigid      0.46938   0.65761   3.19452    2.77e-03    93.8989    73.7668   -60.8798  -106.7782    58.1199    85.5900
    79  rigid      0.46936   0.65758   3.19411    2.47e-03    93.8989    73.7668   -60.8798  -106.7782    58.1199    85.5900
    80  rigid      0.46934   0.65757   3.19384    1.75e-03    93.8989    73.7668   -60.8798  -106.7782    58.1199    85.5900
    81  rigid      0.46934   0.65756   3.19367    1.26e-03    93.8989    73.7668   -60.8798  -106.7782    58.1199    85.5900
    82  rigid      0.46934   0.65756   3.19356    9.04e-04    93.8989    73.7668   -60.8798  -106.7782    58.1199    85.5900
    83  mode       0.35192   0.49075   2.36417    1.08e+00    91.2699    80.5376   -65.3253  -116.3811    56.6673    91.2219
    84  mode       0.28848   0.39448   1.83088    6.88e-01    89.5477    84.5144   -68.4094  -122.1273    54.5369    95.4787
    85  mode       0.24608   0.33210   1.46558    4.81e-01    88.3192    87.0933   -70.8232  -125.7356    52.2355    98.7826
    86  mode       0.21961   0.29156   1.20568    3.56e-01    87.4735    88.8516   -72.8317  -128.0803    50.1564   101.3440
    87  mode       0.20458   0.26611   1.02067    2.62e-01    86.8918    90.0393   -74.3661  -129.6394    48.4323   103.3222
    88  mode       0.19656   0.25019   0.88772    2.05e-01    86.4695    90.8266   -75.4873  -130.7055    46.9750   104.8629
    89  mode       0.19262   0.24041   0.79077    1.59e-01    86.2005    91.3807   -76.3646  -131.4167    45.8171   106.0797
    90  mode       0.19071   0.23450   0.76892    1.22e-01    86.0210    91.8069   -77.0525  -131.9201    44.9239   107.0215
    91  mode       0.18959   0.23102   0.75691    9.26e-02    85.9093    92.1231   -77.5961  -132.2855    44.2494   107.7378
    92  mode       0.18907   0.22874   0.74795    7.11e-02    85.8348    92.3534   -78.0163  -132.5648    43.7384   108.3003
    93  rigid      0.15291   0.18885   0.64352    1.55e-01    85.8348    92.3534   -78.0163  -132.5648    43.7384   108.3003
    94  rigid      0.13013   0.16404   0.57402    1.05e-01    85.8348    92.3534   -78.0163  -132.5648    43.7384   108.3003
    95  rigid      0.11688   0.14879   0.53158    7.46e-02    85.8348    92.3534   -78.0163  -132.5648    43.7384   108.3003
    96  rigid      0.10996   0.14063   0.50592    4.86e-02    85.8348    92.3534   -78.0163  -132.5648    43.7384   108.3003
    97  rigid      0.10584   0.13579   0.48712    3.70e-02    85.8348    92.3534   -78.0163  -132.5648    43.7384   108.3003
    98  rigid      0.10350   0.13290   0.47221    2.80e-02    85.8348    92.3534   -78.0163  -132.5648    43.7384   108.3003
    99  rigid      0.10229   0.13125   0.46189    2.07e-02    85.8348    92.3534   -78.0163  -132.5648    43.7384   108.3003
   100  rigid      0.10154   0.13027   0.45445    1.62e-02    85.8348    92.3534   -78.0163  -132.5648    43.7384   108.3003
   101  rigid      0.10111   0.12970   0.44921    1.22e-02    85.8348    92.3534   -78.0163  -132.5648    43.7384   108.3003
   102  rigid      0.10086   0.12937   0.44554    9.33e-03    85.8348    92.3534   -78.0163  -132.5648    43.7384   108.3003
   103  rigid      0.10069   0.12917   0.44295    7.13e-03    85.8348    92.3534   -78.0163  -132.5648    43.7384   108.3003
   104  rigid      0.10062   0.12905   0.44109    5.47e-03    85.8348    92.3534   -78.0163  -132.5648    43.7384   108.3003
   105  rigid      0.10059   0.12898   0.43976    4.21e-03    85.8348    92.3534   -78.0163  -132.5648    43.7384   108.3003
   106  rigid      0.10057   0.12894   0.43880    3.25e-03    85.8348    92.3534   -78.0163  -132.5648    43.7384   108.3003
   107  rigid      0.10055   0.12891   0.43810    2.52e-03    85.8348    92.3534   -78.0163  -132.5648    43.7384   108.3003
   108  rigid      0.10054   0.12889   0.43759    1.96e-03    85.8348    92.3534   -78.0163  -132.5648    43.7384   108.3003
   109  rigid      0.10052   0.12888   0.43722    1.53e-03    85.8348    92.3534   -78.0163  -132.5648    43.7384   108.3003
   110  rigid      0.10052   0.12888   0.43694    1.19e-03    85.8348    92.3534   -78.0163  -132.5648    43.7384   108.3003
   111  rigid      0.10051   0.12887   0.43674    9.37e-04    85.8348    92.3534   -78.0163  -132.5648    43.7384   108.3003
   112  mode       0.08887   0.11338   0.38826    1.40e-01    85.4630    92.9313   -78.7580  -132.9845    42.3187   108.7149
   113  mode       0.08158   0.10380   0.36313    1.04e-01    85.1940    93.3809   -79.3039  -133.3261    41.2805   109.0616
   114  mode       0.07746   0.09796   0.34470    7.82e-02    84.9983    93.7200   -79.7114  -133.5900    40.5013   109.3402
   115  mode       0.07505   0.09460   0.33132    5.79e-02    84.8627    93.9710   -80.0110  -133.7934    39.9262   109.5575
   116  mode       0.07350   0.09269   0.32160    4.29e-02    84.7694    94.1549   -80.2324  -133.9495    39.5022   109.7268
   117  mode       0.07252   0.09159   0.31440    3.24e-02    84.7047    94.2932   -80.3979  -134.0685    39.1819   109.8597
   118  mode       0.07196   0.09097   0.30902    2.43e-02    84.6587    94.3944   -80.5203  -134.1595    38.9412   109.9597
   119  mode       0.07162   0.09063   0.30676    1.80e-02    84.6279    94.4684   -80.6107  -134.2287    38.7632   110.0366
   120  mode       0.07143   0.09043   0.30595    1.34e-02    84.6074    94.5224   -80.6774  -134.2810    38.6313   110.0957
   121  mode       0.07134   0.09031   0.30537    1.04e-02    84.5926    94.5713   -80.7265  -134.3194    38.5263   110.1424
   122  rigid      0.06865   0.08737   0.30107    2.72e-02    84.5926    94.5713   -80.7265  -134.3194    38.5263   110.1424
   123  rigid      0.06724   0.08573   0.29705    1.95e-02    84.5926    94.5713   -80.7265  -134.3194    38.5263   110.1424
   124  rigid      0.06635   0.08482   0.29392    1.45e-02    84.5926    94.5713   -80.7265  -134.3194    38.5263   110.1424
   125  rigid      0.06585   0.08432   0.29118    1.04e-02    84.5926    94.5713   -80.7265  -134.3194    38.5263   110.1424
   126  rigid      0.06553   0.08405   0.28888    7.62e-03    84.5926    94.5713   -80.7265  -134.3194    38.5263   110.1424
   127  rigid      0.06536   0.08389   0.28701    5.62e-03    84.5926    94.5713   -80.7265  -134.3194    38.5263   110.1424
   128  rigid      0.06529   0.08380   0.28553    4.18e-03    84.5926    94.5713   -80.7265  -134.3194    38.5263   110.1424
   129  rigid      0.06526   0.08374   0.28435    3.19e-03    84.5926    94.5713   -80.7265  -134.3194    38.5263   110.1424
   130  rigid      0.06525   0.08371   0.28344    2.43e-03    84.5926    94.5713   -80.7265  -134.3194    38.5263   110.1424
   131  rigid      0.06523   0.08369   0.28274    1.86e-03    84.5926    94.5713   -80.7265  -134.3194    38.5263   110.1424
   132  rigid      0.06523   0.08368   0.28219    1.43e-03    84.5926    94.5713   -80.7265  -134.3194    38.5263   110.1424
   133  rigid      0.06524   0.08367   0.28177    1.11e-03    84.5926    94.5713   -80.7265  -134.3194    38.5263   110.1424
   134  rigid      0.06525   0.08367   0.28145    8.82e-04    84.5926    94.5713   -80.7265  -134.3194    38.5263   110.1424
   135  combined   0.06429   0.08273   0.28134    2.75e-02    84.4826    94.7285   -80.8591  -134.3967    38.2434   110.1729
   136  combined   0.06386   0.08220   0.28102    2.04e-02    84.4069    94.8425   -80.9582  -134.4553    38.0335   110.1963
   137  combined   0.06362   0.08188   0.28057    1.55e-02    84.3538    94.9265   -81.0354  -134.5008    37.8749   110.2144
   138  combined   0.06351   0.08169   0.28009    1.17e-02    84.3155    94.9897   -81.0945  -134.5362    37.7550   110.2279
   139  combined   0.06345   0.08156   0.27961    8.98e-03    84.2872    95.0377   -81.1403  -134.5639    37.6633   110.2380
   140  combined   0.06343   0.08148   0.27916    6.96e-03    84.2657    95.0749   -81.1760  -134.5859    37.5925   110.2456
   141  combined   0.06341   0.08143   0.27876    5.43e-03    84.2490    95.1041   -81.2042  -134.6035    37.5376   110.2513
   142  combined   0.06340   0.08140   0.27841    4.24e-03    84.2361    95.1272   -81.2266  -134.6176    37.4952   110.2557
   143  combined   0.06338   0.08137   0.27808    3.88e-03    84.2240    95.1564   -81.2444  -134.6282    37.4540   110.2605
   144  combined   0.06337   0.08135   0.27779    3.02e-03    84.2152    95.1783   -81.2588  -134.6367    37.4222   110.2642
   145  combined   0.06336   0.08134   0.27805    2.62e-03    84.2074    95.2030   -81.2734  -134.6530    37.4034   110.2693
   146  combined   0.06335   0.08133   0.27802    1.93e-03    84.2014    95.2196   -81.2856  -134.6622    37.3867   110.2728
   147  combined   0.06334   0.08132   0.27789    1.53e-03    84.1967    95.2315   -81.2958  -134.6679    37.3729   110.2752
   148  combined   0.06334   0.08132   0.27775    1.22e-03    84.1928    95.2405   -81.3043  -134.6718    37.3617   110.2771
   149  combined   0.06333   0.08131   0.27761    9.73e-04    84.1897    95.2475   -81.3115  -134.6747    37.3529   110.2784
   150  combined   0.06333   0.08131   0.27749    7.76e-04    84.1870    95.2530   -81.3175  -134.6769    37.3460   110.2794
   151  combined   0.06333   0.08131   0.27739    6.21e-04    84.1849    95.2574   -81.3226  -134.6786    37.3406   110.2802
   152  combined   0.06332   0.08131   0.27731    5.09e-04    84.1830    95.2610   -81.3269  -134.6799    37.3364   110.2807
   153  combined   0.06332   0.08131   0.27724    4.31e-04    84.1814    95.2640   -81.3306  -134.6810    37.3332   110.2812
   154  combined   0.06332   0.08131   0.27719    3.66e-04    84.1801    95.2665   -81.3338  -134.6818    37.3307   110.2815
   155  combined   0.06332   0.08131   0.27714    3.14e-04    84.1790    95.2685   -81.3365  -134.6824    37.3289   110.2817
   156  combined   0.06332   0.08131   0.27710    2.70e-04    84.1780    95.2702   -81.3389  -134.6829    37.3274   110.2819
   157  combined   0.06332   0.08131   0.27707    2.34e-04    84.1771    95.2716   -81.3410  -134.6833    37.3264   110.2820
   158  combined   0.06332   0.08131   0.27705    2.03e-04    84.1764    95.2727   -81.3428  -134.6836    37.3256   110.2821
   159  combined   0.06332   0.08131   0.27703    1.77e-04    84.1758    95.2737   -81.3444  -134.6838    37.3251   110.2822
   160  combined   0.06332   0.08131   0.27701    1.55e-04    84.1753    95.2746   -81.3457  -134.6840    37.3247   110.2822
   161  combined   0.06332   0.08131   0.27700    1.36e-04    84.1748    95.2753   -81.3469  -134.6841    37.3244   110.2822
   162  combined   0.06332   0.08131   0.27699    1.20e-04    84.1745    95.2759   -81.3480  -134.6842    37.3242   110.2823
   163  combined   0.06332   0.08131   0.27698    1.06e-04    84.1741    95.2764   -81.3489  -134.6842    37.3241   110.2823
   164  combined   0.06332   0.08131   0.27697    9.32e-05    84.1738    95.2768   -81.3498  -134.6842    37.3241   110.2823
   165  combined   0.06332   0.08131   0.27696    8.30e-05    84.1736    95.2772   -81.3505  -134.6842    37.3241   110.2823
   166  combined   0.06332   0.08131   0.27696    7.40e-05    84.1734    95.2775   -81.3511  -134.6842    37.3241   110.2823
   167  combined   0.06332   0.08131   0.27695    6.61e-05    84.1732    95.2778   -81.3517  -134.6842    37.3242   110.2823
   168  combined   0.06332   0.08131   0.27695    5.90e-05    84.1730    95.2780   -81.3522  -134.6842    37.3242   110.2823
   169  combined   0.06332   0.08131   0.27694    5.26e-05    84.1729    95.2782   -81.3526  -134.6842    37.3243   110.2823
   170  combined   0.06332   0.08131   0.27694    4.69e-05    84.1728    95.2784   -81.3530  -134.6842    37.3244   110.2823
   171  combined   0.06332   0.08131   0.27694    4.19e-05    84.1727    95.2785   -81.3533  -134.6842    37.3245   110.2823
   172  combined   0.06332   0.08131   0.27694    3.73e-05    84.1726    95.2786   -81.3537  -134.6841    37.3245   110.2823
   173  combined   0.06332   0.08131   0.27694    3.33e-05    84.1725    95.2787   -81.3539  -134.6841    37.3246   110.2823
   174  combined   0.06332   0.08131   0.27693    2.96e-05    84.1724    95.2788   -81.3542  -134.6841    37.3247   110.2823
   175  combined   0.06332   0.08131   0.27693    2.64e-05    84.1724    95.2789   -81.3544  -134.6841    37.3247   110.2823
   176  combined   0.06332   0.08131   0.27693    2.35e-05    84.1723    95.2790   -81.3546  -134.6840    37.3248   110.2823
   177  combined   0.06332   0.08131   0.27693    2.09e-05    84.1723    95.2791   -81.3547  -134.6840    37.3249   110.2824
   178  combined   0.06332   0.08131   0.27693    1.86e-05    84.1722    95.2791   -81.3549  -134.6840    37.3249   110.2824
   179  combined   0.06332   0.08131   0.27693    1.65e-05    84.1722    95.2792   -81.3550  -134.6840    37.3250   110.2824
   180  combined   0.06332   0.08131   0.27693    1.47e-05    84.1722    95.2792   -81.3551  -134.6840    37.3250   110.2824
   181  combined   0.06332   0.08131   0.27693    1.30e-05    84.1721    95.2792   -81.3552  -134.6839    37.3251   110.2824
   182  combined   0.06332   0.08131   0.27693    1.16e-05    84.1721    95.2793   -81.3553  -134.6839    37.3251   110.2824
   183  combined   0.06332   0.08131   0.27693    1.03e-05    84.1721    95.2793   -81.3554  -134.6839    37.3251   110.2824
   184  combined   0.06332   0.08131   0.27693    9.12e-06    84.1721    95.2793   -81.3555  -134.6839    37.3252   110.2824
