PA5-B-Debug: converged
  step  kind       mean_mm    rms_mm    max_mm   motion_mm   lambda_1   lambda_2   lambda_3   lambda_4   lambda_5   lambda_6
     1  rigid      2.09150   2.54158   7.87196    1.61e+00     0.0000     0.0000     0.0000     0.0000     0.0000     0.0000
     2  rigid      1.88927   2.32901   7.86755    1.09e+00     0.0000     0.0000     0.0000     0.0000     0.0000     0.0000
     3  rigid      1.75922   2.19550   7.90796    7.53e-01     0.0000     0.0000     0.0000     0.0000     0.0000     0.0000
     4  rigid      1.67015   2.11884   8.00426    5.45e-01     0.0000     0.0000     0.0000     0.0000     0.0000     0.0000
     5  rigid      1.61321   2.07190   8.08223    3.89e-01     0.0000     0.0000     0.0000     0.0000     0.0000     0.0000
     6  rigid      1.56858   2.04200   8.20212    3.38e-01     0.0000     0.0000     0.0000     0.0000     0.0000     0.0000
     7  rigid      1.53767   2.02620   8.29519    2.58e-01     0.0000     0.0000     0.0000     0.0000     0.0000     0.0000
     8  rigid      1.51774   2.01700   8.37288    2.43e-01     0.0000     0.0000     0.0000     0.0000     0.0000     0.0000
     9  rigid      1.50663   2.00981   8.40398    1.94e-01     0.0000     0.0000     0.0000     0.0000     0.0000     0.0000
    10  rigid      1.50110   2.00565   8.43047    1.86e-01     0.0000     0.0000     0.0000     0.0000     0.0000     0.0000
    11  rigid      1.49865   2.00376   8.45775    1.47e-01     0.0000     0.0000     0.0000     0.0000     0.0000     0.0000
    12  rigid      1.49686   2.00300   8.48153    1.19e-01     0.0000     0.0000     0.0000     0.0000     0.0000     0.0000
    13  rigid      1.49555   2.00285   8.50589    1.06e-01     0.0000     0.0000     0.0000     0.0000     0.0000     0.0000
    14  rigid      1.49237   2.00513   8.56973    1.86e-01     0.0000     0.0000     0.0000     0.0000     0.0000     0.0000
    15  rigid      1.49107   2.00710   8.61261    1.40e-01     0.0000     0.0000     0.0000     0.0000     0.0000     0.0000
    16  rigid      1.49086   2.00877   8.64270    1.09e-01     0.0000     0.0000     0.0000     0.0000     0.0000     0.0000
    17  rigid      1.49092   2.01014   8.66469    8.55e-02     0.0000     0.0000     0.0000     0.0000     0.0000     0.0000
    18  rigid      1.49073   2.01160   8.68651    8.05e-02     0.0000     0.0000     0.0000     0.0000     0.0000     0.0000
    19  rigid      1.49068   2.01279   8.70290    6.51e-02     0.0000     0.0000     0.0000     0.0000     0.0000     0.0000
    20  rigid      1.49070   2.01375   8.71506    5.22e-02     0.0000     0.0000     0.0000     0.0000     0.0000     0.0000
    21  rigid      1.49151   2.01434   8.72265    4.81e-02     0.0000     0.0000     0.0000     0.0000     0.0000     0.0000
    22  rigid      1.49206   2.01491   8.72919    3.75e-02     0.0000     0.0000     0.0000     0.0000     0.0000     0.0000
    23  rigid      1.49238   2.01542   8.73469    2.96e-02     0.0000     0.0000     0.0000     0.0000     0.0000     0.0000
    24  rigid      1.49256   2.01586   8.73926    2.35e-02     0.0000     0.0000     0.0000     0.0000     0.0000     0.0000
    25  rigid      1.49258   2.01628   8.74396    2.05e-02     0.0000     0.0000     0.0000     0.0000     0.0000     0.0000
    26  rigid      1.49260   2.01661   8.74752    1.61e-02     0.0000     0.0000     0.0000     0.0000     0.0000     0.0000
    27  rigid      1.49261   2.01687   8.75027    1.28e-02     0.0000     0.0000     0.0000     0.0000     0.0000     0.0000
    28  rigid      1.49262   2.01706   8.75237    1.01e-02     0.0000     0.0000     0.0000     0.0000     0.0000     0.0000
    29  rigid      1.49291   2.01716   8.75292    1.65e-02     0.0000     0.0000     0.0000     0.0000     0.0000     0.0000
    30  rigid      1.49304   2.01730   8.75421    1.22e-02     0.0000     0.0000     0.0000     0.0000     0.0000     0.0000
    31  rigid      1.49309   2.01745   8.75561    9.59e-03     0.0000     0.0000     0.0000     0.0000     0.0000     0.0000
    32  rigid      1.49311   2.01758   8.75690    7.78e-03     0.0000     0.0000     0.0000     0.0000     0.0000     0.0000
    33  rigid      1.49312   2.01768   8.75800    6.26e-03     0.0000     0.0000     0.0000     0.0000     0.0000     0.0000
    34  rigid      1.49321   2.01776   8.75802    6.70e-03     0.0000     0.0000     0.0000     0.0000     0.0000     0.0000
    35  rigid      1.49325   2.01784   8.75836    5.00e-03     0.0000     0.0000     0.0000     0.0000     0.0000     0.0000
    36  rigid      1.49327   2.01790   8.75878    3.82e-03     0.0000     0.0000     0.0000     0.0000     0.0000     0.0000
    37  rigid      1.49328   2.01796   8.75920    2.97e-03     0.0000     0.0000     0.0000     0.0000     0.0000     0.0000
    38  rigid      1.49328   2.01801   8.75957    2.33e-03     0.0000     0.0000     0.0000     0.0000     0.0000     0.0000
    39  rigid      1.49328   2.01805   8.75989    1.84e-03     0.0000     0.0000     0.0000     0.0000     0.0000     0.0000
    40  rigid      1.49328   2.01808   8.76015    1.46e-03     0.0000     0.0000     0.0000     0.0000     0.0000     0.0000
    41  rigid      1.49328   2.01810   8.76036    1.16e-03     0.0000     0.0000     0.0000     0.0000     0.0000     0.0000
    42  rigid      1.49328   2.01812   8.76054    9.23e-04     0.0000     0.0000     0.0000     0.0000     0.0000     0.0000
    43  mode       1.12494   1.60489   7.17321    2.84e+00    -5.8650   -20.5723     2.2126   -24.2406   -16.7873    11.8344
    44  mode       0.92423   1.34354   5.99294    2.01e+00    -8.2985   -34.1970     4.2714   -44.1881   -27.3009    19.7790
    45  mode       0.84853   1.20016   5.14340    1.39e+00    -8.1972   -42.6597     6.1302   -58.4929   -34.3689    25.3330
    46  mode       0.81746   1.12019   4.49912    9.70e-01    -7.0950   -47.8462     7.2465   -68.8388   -39.4717    29.3451
    47  mode       0.80536   1.07267   4.03952    6.74e-01    -5.7193   -51.0149     7.6698   -76.4512   -43.1539    32.3339
    48  mode       0.79797   1.04377   3.65603    5.36e-01    -4.6216   -53.3982     7.7516   -82.0968   -46.4340    35.0702
    49  mode       0.79365   1.02613   3.39595    3.64e-01    -3.6471   -55.1711     7.5002   -86.0836   -48.4933    37.4360
    50  mode       0.79463   1.01318   3.20299    3.23e-01    -3.1787   -56.9712     7.2019   -89.9622   -49.6561    39.4029
    51  mode       0.79539   1.00618   3.12941    2.41e-01    -2.7855   -58.2764     6.7609   -92.5342   -50.4231    41.0118
    52  mode       0.79676   1.00216   3.07395    1.89e-01    -2.5326   -59.1479     6.3501   -94.4781   -50.9754    42.4083
    53  rigid      0.57631   0.75608   2.55788    8.97e-01    -2.5326   -59.1479     6.3501   -94.4781   -50.9754    42.4083
    54  rigid      0.44657   0.60044   2.27601    6.22e-01    -2.5326   -59.1479     6.3501   -94.4781   -50.9754    42.4083
    55  rigid      0.37159   0.50835   2.04690    4.28e-01    -2.5326   -59.1479     6.3501   -94.4781   -50.9754    42.4083
    56  rigid      0.34066   0.46899   1.94081    2.28e-01    -2.5326   -59.1479     6.3501   -94.4781   -50.9754    42.4083
    57  rigid      0.32187   0.44411   1.86140    1.67e-01    -2.5326   -59.1479     6.3501   -94.4781   -50.9754    42.4083
    58  rigid      0.31105   0.42768   1.79742    1.27e-01    -2.5326   -59.1479     6.3501   -94.4781   -50.9754    42.4083
    59  rigid      0.30321   0.41585   1.74929    9.52e-02    -2.5326   -59.1479     6.3501   -94.4781   -50.9754    42.4083
    60  rigid      0.29687   0.40591   1.70694    8.89e-02    -2.5326   -59.1479     6.3501   -94.4781   -50.9754    42.4083
    61  rigid      0.29129   0.39773   1.66684    7.87e-02    -2.5326   -59.1479     6.3501   -94.4781   -50.9754    42.4083
    62  rigid      0.28721   0.39191   1.63536    6.07e-02    -2.5326   -59.1479     6.3501   -94.4781   -50.9754    42.4083
    63  rigid      0.28386   0.38761   1.61066    4.89e-02    -2.5326   -59.1479     6.3501   -94.4781   -50.9754    42.4083
    64  rigid      0.28096   0.38328   1.57898    5.44e-02    -2.5326   -59.1479     6.3501   -94.4781   -50.9754    42.4083
    65  rigid      0.27942   0.38018   1.55436    4.41e-02    -2.5326   -59.1479     6.3501   -94.4781   -50.9754    42.4083
    66  rigid      0.27851   0.37790   1.53459    3.66e-02    -2.5326   -59.1479     6.3501   -94.4781   -50.9754    42.4083
    67  rigid      0.27786   0.37623   1.51890    2.98e-02    -2.5326   -59.1479     6.3501   -94.4781   -50.9754    42.4083
    68  rigid      0.27743   0.37498   1.50637    2.44e-02    -2.5326   -59.1479     6.3501   -94.4781   -50.9754    42.4083
    69  rigid      0.27707   0.37403   1.49628    2.02e-02    -2.5326   -59.1479     6.3501   -94.4781   -50.9754    42.4083
    70  rigid      0.27677   0.37330   1.48809    1.67e-02    -2.5326   -59.1479     6.3501   -94.4781   -50.9754    42.4083
    71  rigid      0.27653   0.37272   1.48137    1.39e-02    -2.5326   -59.1479     6.3501   -94.4781   -50.9754    42.4083
    72  rigid      0.27633   0.37228   1.47588    1.15e-02    -2.5326   -59.1479     6.3501   -94.4781   -50.9754    42.4083
    73  rigid      0.27617   0.37194   1.47140    9.41e-03    -2.5326   -59.1479     6.3501   -94.4781   -50.9754    42.4083
    74  rigid      0.27604   0.37167   1.46777    7.70e-03    -2.5326   -59.1479     6.3501   -94.4781   -50.9754    42.4083
    75  rigid      0.27594   0.37145   1.46481    6.30e-03    -2.5326   -59.1479     6.3501   -94.4781   -50.9754    42.4083
    76  rigid      0.27586   0.37128   1.46240    5.15e-03    -2.5326   -59.1479     6.3501   -94.4781   -50.9754    42.4083
    77  rigid      0.27579   0.37114   1.46042    4.24e-03    -2.5326   -59.1479     6.3501   -94.4781   -50.9754    42.4083
    78  rigid      0.27573   0.37103   1.45879    3.50e-03    -2.5326   -59.1479     6.3501   -94.4781   -50.9754    42.4083
    79  rigid      0.27568   0.37094   1.45745    2.89e-03    -2.5326   -59.1479     6.3501   -94.4781   -50.9754    42.4083
    80  rigid      0.27564   0.37087   1.45634    2.39e-03    -2.5326   -59.1479     6.3501   -94.4781   -50.9754    42.4083
    81  rigid      0.27561   0.37081   1.45543    1.97e-03    -2.5326   -59.1479     6.3501   -94.4781   -50.9754    42.4083
    82  rigid      0.27559   0.37076   1.45468    1.63e-03    -2.5326   -59.1479     6.3501   -94.4781   -50.9754    42.4083
    83  rigid      0.27556   0.37073   1.45406    1.34e-03    -2.5326   -59.1479     6.3501   -94.4781   -50.9754    42.4083
    84  rigid      0.27555   0.37069   1.45355    1.11e-03    -2.5326   -59.1479     6.3501   -94.4781   -50.9754    42.4083
    85  rigid      0.27553   0.37067   1.45312    9.16e-04    -2.5326   -59.1479     6.3501   -94.4781   -50.9754    42.4083
    86  mode       0.21431   0.29199   1.05678    5.30e-01    -3.7102   -62.1851     7.3768   -99.7619   -54.0559    43.5905
    87  mode       0.18035   0.24582   0.80736    3.35e-01    -4.4222   -64.1752     7.6689  -103.5025   -55.9071    44.6468
    88  mode       0.16372   0.21846   0.68431    2.17e-01    -4.8513   -65.5559     7.5670  -106.1579   -57.0276    45.6248
    89  mode       0.15577   0.20170   0.60762    1.62e-01    -5.1190   -66.5292     7.2481  -108.0609   -57.6997    46.4996
    90  mode       0.15137   0.19071   0.55011    1.31e-01    -5.2645   -67.2185     6.8795  -109.4862   -58.1560    47.2952
    91  mode       0.14827   0.18347   0.50526    1.09e-01    -5.3645   -67.8219     6.4729  -110.5594   -58.4588    47.9556
    92  mode       0.14594   0.17886   0.47326    8.77e-02    -5.4442   -68.2813     6.0679  -111.3361   -58.6273    48.5330
    93  mode       0.14460   0.17577   0.46274    7.19e-02    -5.5234   -68.5878     5.7139  -111.9512   -58.7186    49.0604
    94  mode       0.14396   0.17374   0.45466    5.83e-02    -5.5840   -68.8307     5.3840  -112.3950   -58.7677    49.5062
    95  mode       0.14342   0.17238   0.44847    4.76e-02    -5.6290   -69.0267     5.0899  -112.7250   -58.7868    49.8819
    96  rigid      0.10614   0.13137   0.34923    1.67e-01    -5.6290   -69.0267     5.0899  -112.7250   -58.7868    49.8819
    97  rigid      0.08432   0.10862   0.32041    1.10e-01    -5.6290   -69.0267     5.0899  -112.7250   -58.7868    49.8819
    98  rigid      0.07309   0.09662   0.31442    7.32e-02    -5.6290   -69.0267     5.0899  -112.7250   -58.7868    49.8819
    99  rigid      0.06815   0.09055   0.31439    4.93e-02    -5.6290   -69.0267     5.0899  -112.7250   -58.7868    49.8819
   100  rigid      0.06631   0.08750   0.31481    3.35e-02    -5.6290   -69.0267     5.0899  -112.7250   -58.7868    49.8819
   101  rigid      0.06569   0.08594   0.31525    2.33e-02    -5.6290   -69.0267     5.0899  -112.7250   -58.7868    49.8819
   102  rigid      0.06555   0.08512   0.31563    1.64e-02    -5.6290   -69.0267     5.0899  -112.7250   -58.7868    49.8819
   103  rigid      0.06553   0.08467   0.31593    1.18e-02    -5.6290   -69.0267     5.0899  -112.7250   -58.7868    49.8819
   104  rigid      0.06550   0.08442   0.31614    8.62e-03    -5.6290   -69.0267     5.0899  -112.7250   -58.7868    49.8819
   105  rigid      0.06550   0.08427   0.31629    6.40e-03    -5.6290   -69.0267     5.0899  -112.7250   -58.7868    49.8819
   106  rigid      0.06548   0.08419   0.31638    4.81e-03    -5.6290   -69.0267     5.0899  -112.7250   -58.7868    49.8819
   107  rigid      0.06547   0.08414   0.31643    3.67e-03    -5.6290   -69.0267     5.0899  -112.7250   -58.7868    49.8819
   108  rigid      0.06546   0.08411   0.31645    2.84e-03    -5.6290   -69.0267     5.0899  -112.7250   -58.7868    49.8819
   109  rigid      0.06545   0.08409   0.31644    2.20e-03    -5.6290   -69.0267     5.0899  -112.7250   -58.7868    49.8819
   110  rigid      0.06544   0.08407   0.31643    1.73e-03    -5.6290   -69.0267     5.0899  -112.7250   -58.7868    49.8819
   111  rigid      0.06543   0.08407   0.31640    1.37e-03    -5.6290   -69.0267     5.0899  -112.7250   -58.7868    49.8819
   112  rigid      0.06542   0.08406   0.31638    1.08e-03    -5.6290   -69.0267     5.0899  -112.7250   -58.7868    49.8819
   113  rigid      0.06541   0.08406   0.31635    8.60e-04    -5.6290   -69.0267     5.0899  -112.7250   -58.7868    49.8819
   114  mode       0.05001   0.06539   0.21766    1.23e-01    -5.8703   -69.6816     5.0240  -113.6497   -59.8549    50.2149
   115  mode       0.04091   0.05407   0.17740    7.87e-02    -6.0403   -70.0728     4.9078  -114.3659   -60.4834    50.5451
   116  mode       0.03567   0.04711   0.15518    5.49e-02    -6.1589   -70.3293     4.7572  -114.8909   -60.8573    50.8427
   117  mode       0.03278   0.04270   0.13822    4.09e-02    -6.2432   -70.5043     4.5967  -115.2756   -61.0801    51.1051
   118  mode       0.03102   0.03982   0.12499    3.27e-02    -6.3043   -70.6286     4.4397  -115.5587   -61.2129    51.3342
   119  mode       0.03000   0.03787   0.11444    2.65e-02    -6.3489   -70.7228     4.2928  -115.7685   -61.2936    51.5317
   120  mode       0.02930   0.03656   0.10603    2.15e-02    -6.3815   -70.7940     4.1611  -115.9256   -61.3404    51.7003
   121  mode       0.02896   0.03566   0.09925    1.76e-02    -6.4056   -70.8492     4.0455  -116.0442   -61.3668    51.8432
   122  mode       0.02876   0.03504   0.09374    1.44e-02    -6.4234   -70.8931     3.9453  -116.1348   -61.3811    51.9641
   123  mode       0.02859   0.03459   0.08923    1.19e-02    -6.4367   -70.9285     3.8595  -116.2045   -61.3879    52.0661
   124  rigid      0.02211   0.02778   0.08031    2.85e-02    -6.4367   -70.9285     3.8595  -116.2045   -61.3879    52.0661
   125  rigid      0.01860   0.02392   0.07348    1.90e-02    -6.4367   -70.9285     3.8595  -116.2045   -61.3879    52.0661
   126  rigid      0.01670   0.02179   0.06827    1.29e-02    -6.4367   -70.9285     3.8595  -116.2045   -61.3879    52.0661
   127  rigid      0.01569   0.02063   0.06423    8.85e-03    -6.4367   -70.9285     3.8595  -116.2045   -61.3879    52.0661
   128  rigid      0.01527   0.02000   0.06343    6.09e-03    -6.4367   -70.9285     3.8595  -116.2045   -61.3879    52.0661
   129  rigid      0.01506   0.01966   0.06394    4.25e-03    -6.4367   -70.9285     3.8595  -116.2045   -61.3879    52.0661
   130  rigid      0.01497   0.01947   0.06433    3.14e-03    -6.4367   -70.9285     3.8595  -116.2045   -61.3879    52.0661
   131  rigid      0.01493   0.01936   0.06464    2.38e-03    -6.4367   -70.9285     3.8595  -116.2045   -61.3879    52.0661
   132  rigid      0.01493   0.01930   0.06489    1.80e-03    -6.4367   -70.9285     3.8595  -116.2045   -61.3879    52.0661
   133  rigid      0.01493   0.01927   0.06507    1.36e-03    -6.4367   -70.9285     3.8595  -116.2045   -61.3879    52.0661
   134  rigid      0.01494   0.01925   0.06522    1.03e-03    -6.4367   -70.9285     3.8595  -116.2045   -61.3879    52.0661
   135  rigid      0.01496   0.01923   0.06533    7.82e-04    -6.4367   -70.9285     3.8595  -116.2045   -61.3879    52.0661
   136  combined   0.01188   0.01544   0.04578    2.64e-02    -6.5007   -71.0095     3.8005  -116.4032   -61.6160    52.1787
   137  combined   0.00984   0.01284   0.03885    1.86e-02    -6.5459   -71.0596     3.7365  -116.5504   -61.7571    52.2799
   138  combined   0.00829   0.01087   0.03298    1.38e-02    -6.5793   -71.0925     3.6743  -116.6626   -61.8490    52.3696
   139  combined   0.00707   0.00929   0.02799    1.06e-02    -6.6050   -71.1154     3.6169  -116.7501   -61.9122    52.4484
   140  combined   0.00608   0.00799   0.02372    8.90e-03    -6.6255   -71.1328     3.5652  -116.8197   -61.9586    52.5173
   141  combined   0.00527   0.00690   0.02101    7.45e-03    -6.6422   -71.1459     3.5196  -116.8757   -61.9938    52.5771
   142  combined   0.00459   0.00600   0.01872    6.27e-03    -6.6560   -71.1560     3.4799  -116.9214   -62.0214    52.6287
   143  combined   0.00402   0.00526   0.01677    5.30e-03    -6.6674   -71.1638     3.4456  -116.9590   -62.0436    52.6731
   144  combined   0.00357   0.00464   0.01509    4.49e-03    -6.6770   -71.1699     3.4160  -116.9903   -62.0618    52.7114
   145  combined   0.00321   0.00414   0.01365    3.81e-03    -6.6851   -71.1748     3.3906  -117.0165   -62.0770    52.7443
   146  combined   0.00291   0.00373   0.01242    3.23e-03    -6.6919   -71.1786     3.3688  -117.0384   -62.0897    52.7724
   147  combined   0.00268   0.00340   0.01137    2.75e-03    -6.6977   -71.1817     3.3502  -117.0569   -62.1004    52.7966
   148  combined   0.00249   0.00314   0.01047    2.34e-03    -6.7027   -71.1842     3.3343  -117.0725   -62.1095    52.8172
   149  combined   0.00234   0.00293   0.00970    1.99e-03    -6.7068   -71.1861     3.3207  -117.0857   -62.1172    52.8349
   150  combined   0.00222   0.00277   0.00905    1.69e-03    -6.7104   -71.1876     3.3090  -117.0969   -62.1238    52.8500
   151  combined   0.00213   0.00265   0.00849    1.44e-03    -6.7135   -71.1889     3.2991  -117.1064   -62.1295    52.8629
   152  combined   0.00205   0.00256   0.00801    1.23e-03    -6.7161   -71.1898     3.2906  -117.1145   -62.1343    52.8740
   153  combined   0.00200   0.00249   0.00760    1.04e-03    -6.7183   -71.1906     3.2834  -117.1213   -62.1384    52.8834
   154  combined   0.00197   0.00244   0.00725    8.89e-04    -6.7202   -71.1912     3.2773  -117.1272   -62.1419    52.8914
   155  combined   0.00194   0.00240   0.00696    7.57e-04    -6.7218   -71.1917     3.2720  -117.1321   -62.1449    52.8983
   156  combined   0.00192   0.00237   0.00671    6.45e-04    -6.7232   -71.1921     3.2675  -117.1364   -62.1475    52.9041
   157  combined   0.00190   0.00235   0.00669    5.50e-04    -6.7244   -71.1924     3.2637  -117.1400   -62.1498    52.9091
   158  combined   0.00189   0.00234   0.00668    4.68e-04    -6.7254   -71.1927     3.2604  -117.1430   -62.1517    52.9134
   159  combined   0.00188   0.00232   0.00667    3.99e-04    -6.7263   -71.1928     3.2576  -117.1456   -62.1533    52.9170
   160  combined   0.00188   0.00232   0.00666    3.40e-04    -6.7270   -71.1930     3.2553  -117.1479   -62.1547    52.9201
   161  combined   0.00187   0.00231   0.00665    2.90e-04    -6.7277   -71.1931     3.2532  -117.1498   -62.1559    52.9228
   162  combined   0.00187   0.00231   0.00664    2.47e-04    -6.7282   -71.1932     3.2515  -117.1514   -62.1569    52.9250
   163  combined   0.00186   0.00230   0.00663    2.10e-04    -6.7287   -71.1933     3.2500  -117.1528   -62.1578    52.9270
   164  combined   0.00186   0.00230   0.00662    1.79e-04    -6.7291   -71.1933     3.2488  -117.1539   -62.1586    52.9286
   165  combined   0.00186   0.00230   0.00662    1.53e-04    -6.7294   -71.1934     3.2477  -117.1549   -62.1592    52.9300
   166  combined   0.00186   0.00230   0.00661    1.30e-04    -6.7297   -71.1934     3.2468  -117.1558   -62.1598    52.9312
   167  combined   0.00186   0.00230   0.00661    1.11e-04    -6.7300   -71.1934     3.2460  -117.1565   -62.1602    52.9322
   168  combined   0.00185   0.00230   0.00660    9.45e-05    -6.7302   -71.1934     3.2454  -117.1571   -62.1606    52.9331
   169  combined   0.00185   0.00230   0.00660    8.06e-05    -6.7304   -71.1934     3.2448  -117.1577   -62.1610    52.9338
   170  combined   0.00185   0.00230   0.00660    6.87e-05    -6.7305   -71.1934     3.2443  -117.1581   -62.1613    52.9345
   171  combined   0.00185   0.00230   0.00660    5.85e-05    -6.7307   -71.1935     3.2439  -117.1585   -62.1616    52.9350
   172  combined   0.00185   0.00229   0.00659    4.99e-05    -6.7308   -71.1935     3.2436  -117.1588   -62.1618    52.9355
   173  combined   0.00185   0.00229   0.00659    4.25e-05    -6.7309   -71.1935     3.2433  -117.1591   -62.1620    52.9359
   174  combined   0.00185   0.00229   0.00659    3.63e-05    -6.7310   -71.1935     3.2430  -117.1594   -62.1621    52.9362
   175  combined   0.00185   0.00229   0.00659    3.09e-05    -6.7310   -71.1935     3.2428  -117.1596   -62.1623    52.9365
   176  combined   0.00185   0.00229   0.00659    2.64e-05    -6.7311   -71.1935     3.2426  -117.1597   -62.1624    52.9367
   177  combined   0.00185   0.00229   0.00659    2.25e-05    -6.7312   -71.1935     3.2424  -117.1599   -62.1625    52.9369
   178  combined   0.00185   0.00229   0.00659    1.92e-05    -6.7312   -71.1935     3.2423  -117.1600   -62.1626    52.9371
   179  combined   0.00185   0.00229   0.00658    1.64e-05    -6.7313   -71.1935     3.2422  -117.1601   -62.1626    52.9373
   180  combined   0.00185   0.00229   0.00658    1.40e-05    -6.7313   -71.1934     3.2421  -117.1602   -62.1627    52.9374
   181  combined   0.00185   0.00229   0.00658    1.20e-05    -6.7313   -71.1934     3.2420  -117.1603   -62.1628    52.9375
   182  combined   0.00185   0.00229   0.00658    1.02e-05    -6.7313   -71.1934     3.2419  -117.1604   -62.1628    52.9376
   183  combined   0.00185   0.00229   0.00658    8.72e-06    -6.7314   -71.1934     3.2419  -117.1604   -62.1629    52.9377
