PA5-K-Unknown: converged
  step  kind       mean_mm    rms_mm    max_mm   motion_mm   lambda_1   lambda_2   lambda_3   lambda_4   lambda_5   lambda_6
     1  rigid      2.57276   3.11462   8.61391    8.33e-01     0.0000     0.0000     0.0000     0.0000     0.0000     0.0000
     2  rigid      2.52394   3.05635   8.66644    6.09e-01     0.0000     0.0000     0.0000     0.0000     0.0000     0.0000
     3  rigid      2.49127   3.02057   8.67394    5.52e-01     0.0000     0.0000     0.0000     0.0000     0.0000     0.0000
     4  rigid      2.45725   3.00522   8.79782    3.62e-01     0.0000     0.0000     0.0000     0.0000     0.0000     0.0000
     5  rigid      2.43348   2.99785   8.85769    2.58e-01     0.0000     0.0000     0.0000     0.0000     0.0000     0.0000
     6  rigid      2.40857   2.99425   8.89294    2.25e-01     0.0000     0.0000     0.0000     0.0000     0.0000     0.0000
     7  rigid      2.39011   2.99200   8.89806    1.99e-01     0.0000     0.0000     0.0000     0.0000     0.0000     0.0000
     8  rigid      2.37889   2.99116   8.89107    1.63e-01     0.0000     0.0000     0.0000     0.0000     0.0000     0.0000
     9  rigid      2.37196   2.99089   8.87820    1.25e-01     0.0000     0.0000     0.0000     0.0000     0.0000     0.0000
    10  rigid      2.36774   2.99083   8.87635    9.46e-02     0.0000     0.0000     0.0000     0.0000     0.0000     0.0000
    11  rigid      2.36423   2.99096   8.89656    7.78e-02     0.0000     0.0000     0.0000     0.0000     0.0000     0.0000
    12  rigid      2.36211   2.99110   8.91348    6.74e-02     0.0000     0.0000     0.0000     0.0000     0.0000     0.0000
    13  rigid      2.36085   2.99125   8.92604    5.25e-02     0.0000     0.0000     0.0000     0.0000     0.0000     0.0000
    14  rigid      2.36009   2.99140   8.93562    4.19e-02     0.0000     0.0000     0.0000     0.0000     0.0000     0.0000
    15  rigid      2.35836   2.99207   8.95407    3.97e-02     0.0000     0.0000     0.0000     0.0000     0.0000     0.0000
    16  rigid      2.35729   2.99230   8.96649    5.06e-02     0.0000     0.0000     0.0000     0.0000     0.0000     0.0000
    17  rigid      2.35647   2.99250   8.97555    3.80e-02     0.0000     0.0000     0.0000     0.0000     0.0000     0.0000
    18  rigid      2.35584   2.99265   8.98256    2.93e-02     0.0000     0.0000     0.0000     0.0000     0.0000     0.0000
    19  rigid      2.35487   2.99320   8.99860    3.50e-02     0.0000     0.0000     0.0000     0.0000     0.0000     0.0000
    20  rigid      2.35404   2.99340   9.00695    2.91e-02     0.0000     0.0000     0.0000     0.0000     0.0000     0.0000
    21  rigid      2.35340   2.99353   9.01233    3.01e-02     0.0000     0.0000     0.0000     0.0000     0.0000     0.0000
    22  rigid      2.35296   2.99364   9.01628    2.32e-02     0.0000     0.0000     0.0000     0.0000     0.0000     0.0000
    23  rigid      2.35267   2.99372   9.01921    1.77e-02     0.0000     0.0000     0.0000     0.0000     0.0000     0.0000
    24  rigid      2.35247   2.99379   9.02144    1.36e-02     0.0000     0.0000     0.0000     0.0000     0.0000     0.0000
    25  rigid      2.35233   2.99385   9.02317    1.04e-02     0.0000     0.0000     0.0000     0.0000     0.0000     0.0000
    26  rigid      2.35223   2.99390   9.02451    7.96e-03     0.0000     0.0000     0.0000     0.0000     0.0000     0.0000
    27  rigid      2.35216   2.99394   9.02558    6.14e-03     0.0000     0.0000     0.0000     0.0000     0.0000     0.0000
    28  rigid      2.35210   2.99397   9.02642    4.74e-03     0.0000     0.0000     0.0000     0.0000     0.0000     0.0000
    29  rigid      2.35206   2.99400   9.02709    3.60e-03     0.0000     0.0000     0.0000     0.0000     0.0000     0.0000
    30  rigid      2.35202   2.99402   9.02761    2.74e-03     0.0000     0.0000     0.0000     0.0000     0.0000     0.0000
    31  rigid      2.35200   2.99403   9.02802    2.09e-03     0.0000     0.0000     0.0000     0.0000     0.0000     0.0000
    32  rigid      2.35198   2.99405   9.02835    1.59e-03     0.0000     0.0000     0.0000     0.0000     0.0000     0.0000
    33  rigid      2.35197   2.99406   9.02861    1.22e-03     0.0000     0.0000     0.0000     0.0000     0.0000     0.0000
    34  rigid      2.35196   2.99407   9.02881    9.34e-04     0.0000     0.0000     0.0000     0.0000     0.0000     0.0000
    35  mode       1.67685   2.30768   7.88791    3.65e+00    17.4865    49.6344     7.0848   -20.3759    25.8907   -13.9886
    36  mode       1.38060   1.95186   8.22665    2.70e+00    30.9982    79.4127     8.0779   -31.9510    46.7700   -22.4786
    37  mode       1.23107   1.77291   8.56600    1.82e+00    39.7206    94.7055     6.8347   -37.5568    62.2877   -28.6157
    38  mode       1.14123   1.64266   8.67076    1.57e+00    49.3224   104.0902     4.3949   -38.0473    76.2537   -34.0090
    39  mode       1.09578   1.55149   8.64271    1.41e+00    55.9771   110.0388    -0.4360   -35.4010    87.5677   -38.5716
    40  mode       1.06624   1.46408   7.84051    1.16e+00    60.4926   112.5686    -5.3052   -30.8123    96.5671   -42.4104
    41  mode       1.03079   1.36397   6.58233    1.43e+00    63.4463   116.3096   -13.8371   -26.8863   105.2929   -44.5831
    42  mode       1.00859   1.30437   5.58105    1.15e+00    65.3082   118.2379   -20.9824   -22.9050   111.9472   -45.6440
    43  mode       0.99572   1.26983   5.55952    8.51e-01    66.5657   119.5555   -26.6702   -19.9441   116.2065   -45.6219
    44  mode       0.98836   1.24071   5.37521    7.04e-01    67.2440   120.3429   -31.7182   -17.6174   119.3461   -45.1776
    45  rigid      0.80274   1.04299   5.23472    8.49e-01    67.2440   120.3429   -31.7182   -17.6174   119.3461   -45.1776
    46  rigid      0.69127   0.92501   5.13442    5.63e-01    67.2440   120.3429   -31.7182   -17.6174   119.3461   -45.1776
    47  rigid      0.61363   0.84535   5.01559    4.27e-01    67.2440   120.3429   -31.7182   -17.6174   119.3461   -45.1776
    48  rigid      0.56986   0.80836   4.97672    2.81e-01    67.2440   120.3429   -31.7182   -17.6174   119.3461   -45.1776
    49  rigid      0.54457   0.78505   4.89357    1.94e-01    67.2440   120.3429   -31.7182   -17.6174   119.3461   -45.1776
    50  rigid      0.52921   0.76853   4.82227    1.44e-01    67.2440   120.3429   -31.7182   -17.6174   119.3461   -45.1776
    51  rigid      0.51709   0.75472   4.75212    1.29e-01    67.2440   120.3429   -31.7182   -17.6174   119.3461   -45.1776
    52  rigid      0.50774   0.74530   4.69784    1.05e-01    67.2440   120.3429   -31.7182   -17.6174   119.3461   -45.1776
    53  rigid      0.50108   0.73809   4.65093    9.17e-02    67.2440   120.3429   -31.7182   -17.6174   119.3461   -45.1776
    54  rigid      0.49637   0.73297   4.61353    7.07e-02    67.2440   120.3429   -31.7182   -17.6174   119.3461   -45.1776
    55  rigid      0.49286   0.72991   4.58505    8.54e-02    67.2440   120.3429   -31.7182   -17.6174   119.3461   -45.1776
    56  rigid      0.49062   0.72790   4.56200    6.21e-02    67.2440   120.3429   -31.7182   -17.6174   119.3461   -45.1776
    57  rigid      0.48894   0.72643   4.54219    4.81e-02    67.2440   120.3429   -31.7182   -17.6174   119.3461   -45.1776
    58  rigid      0.48822   0.72541   4.52647    3.66e-02    67.2440   120.3429   -31.7182   -17.6174   119.3461   -45.1776
    59  rigid      0.48777   0.72466   4.51395    2.84e-02    67.2440   120.3429   -31.7182   -17.6174   119.3461   -45.1776
    60  rigid      0.48754   0.72407   4.50394    2.23e-02    67.2440   120.3429   -31.7182   -17.6174   119.3461   -45.1776
    61  rigid      0.48747   0.72360   4.49507    1.99e-02    67.2440   120.3429   -31.7182   -17.6174   119.3461   -45.1776
    62  rigid      0.48737   0.72321   4.48789    1.61e-02    67.2440   120.3429   -31.7182   -17.6174   119.3461   -45.1776
    63  rigid      0.48719   0.72276   4.48163    1.50e-02    67.2440   120.3429   -31.7182   -17.6174   119.3461   -45.1776
    64  rigid      0.48709   0.72241   4.47658    1.21e-02    67.2440   120.3429   -31.7182   -17.6174   119.3461   -45.1776
    65  rigid      0.48703   0.72215   4.47249    9.71e-03    67.2440   120.3429   -31.7182   -17.6174   119.3461   -45.1776
    66  rigid      0.48699   0.72195   4.46918    7.85e-03    67.2440   120.3429   -31.7182   -17.6174   119.3461   -45.1776
    67  rigid      0.48698   0.72179   4.46650    6.36e-03    67.2440   120.3429   -31.7182   -17.6174   119.3461   -45.1776
    68  rigid      0.48697   0.72166   4.46430    5.15e-03    67.2440   120.3429   -31.7182   -17.6174   119.3461   -45.1776
    69  rigid      0.48696   0.72156   4.46251    4.18e-03    67.2440   120.3429   -31.7182   -17.6174   119.3461   -45.1776
    70  rigid      0.48696   0.72148   4.46103    3.38e-03    67.2440   120.3429   -31.7182   -17.6174   119.3461   -45.1776
    71  rigid      0.48695   0.72141   4.45982    2.73e-03    67.2440   120.3429   -31.7182   -17.6174   119.3461   -45.1776
    72  rigid      0.48695   0.72136   4.45882    2.20e-03    67.2440   120.3429   -31.7182   -17.6174   119.3461   -45.1776
    73  rigid      0.48695   0.72131   4.45800    1.77e-03    67.2440   120.3429   -31.7182   -17.6174   119.3461   -45.1776
    74  rigid      0.48694   0.72128   4.45733    1.43e-03    67.2440   120.3429   -31.7182   -17.6174   119.3461   -45.1776
    75  rigid      0.48694   0.72125   4.45677    1.16e-03    67.2440   120.3429   -31.7182   -17.6174   119.3461   -45.1776
    76  rigid      0.48694   0.72122   4.45632    9.41e-04    67.2440   120.3429   -31.7182   -17.6174   119.3461   -45.1776
    77  mode       0.37850   0.56765   3.60908    1.02e+00    65.3636   128.6820   -37.2141    -9.6287   119.6632   -46.1557
    78  mode       0.31792   0.47334   2.98180    7.40e-01    63.8341   134.0492   -41.6540    -4.1454   119.6774   -46.4974
    79  mode       0.29364   0.41633   2.51984    5.43e-01    62.5534   137.6007   -45.2329    -0.4474   119.3649   -46.3075
    80  mode       0.28211   0.38173   2.15741    4.26e-01    61.4962   139.8128   -48.3073     2.0808   119.1401   -45.7566
    81  mode       0.27481   0.36091   1.87898    3.30e-01    60.6461   141.3372   -50.8037     3.6861   118.9923   -45.1672
    82  mode       0.27162   0.34816   1.66206    2.59e-01    59.9650   142.4086   -52.8388     4.7192   118.8945   -44.5796
    83  mode       0.27041   0.34036   1.49508    2.02e-01    59.4408   143.1657   -54.4840     5.3561   118.7956   -44.0154
    84  mode       0.27057   0.33529   1.36164    1.63e-01    59.0536   143.7144   -55.8454     5.7873   118.7178   -43.5300
    85  mode       0.27080   0.33168   1.25091    1.38e-01    58.7709   144.1765   -57.0080     6.0422   118.6505   -43.0437
    86  mode       0.27136   0.32941   1.16693    1.06e-01    58.5306   144.4908   -57.9244     6.1928   118.5784   -42.6234
    87  rigid      0.21605   0.27130   1.03807    1.71e-01    58.5306   144.4908   -57.9244     6.1928   118.5784   -42.6234
    88  rigid      0.17983   0.23345   0.94054    1.20e-01    58.5306   144.4908   -57.9244     6.1928   118.5784   -42.6234
    89  rigid      0.15434   0.20833   0.86476    1.00e-01    58.5306   144.4908   -57.9244     6.1928   118.5784   -42.6234
    90  rigid      0.14131   0.19471   0.82142    6.28e-02    58.5306   144.4908   -57.9244     6.1928   118.5784   -42.6234
    91  rigid      0.13260   0.18475   0.78645    5.29e-02    58.5306   144.4908   -57.9244     6.1928   118.5784   -42.6234
    92  rigid      0.12665   0.17699   0.75692    4.62e-02    58.5306   144.4908   -57.9244     6.1928   118.5784   -42.6234
    93  rigid      0.12259   0.17053   0.72881    4.65e-02    58.5306   144.4908   -57.9244     6.1928   118.5784   -42.6234
    94  rigid      0.11974   0.16506   0.70235    4.15e-02    58.5306   144.4908   -57.9244     6.1928   118.5784   -42.6234
    95  rigid      0.11776   0.16083   0.67966    3.49e-02    58.5306   144.4908   -57.9244     6.1928   118.5784   -42.6234
    96  rigid      0.11614   0.15761   0.66067    2.98e-02    58.5306   144.4908   -57.9244     6.1928   118.5784   -42.6234
    97  rigid      0.11490   0.15522   0.64491    2.52e-02    58.5306   144.4908   -57.9244     6.1928   118.5784   -42.6234
    98  rigid      0.11400   0.15343   0.63176    2.13e-02    58.5306   144.4908   -57.9244     6.1928   118.5784   -42.6234
    99  rigid      0.11335   0.15210   0.62078    1.79e-02    58.5306   144.4908   -57.9244     6.1928   118.5784   -42.6234
   100  rigid      0.11282   0.15111   0.61161    1.51e-02    58.5306   144.4908   -57.9244     6.1928   118.5784   -42.6234
   101  rigid      0.11266   0.15020   0.60154    1.52e-02    58.5306   144.4908   -57.9244     6.1928   118.5784   -42.6234
   102  rigid      0.11253   0.14954   0.59337    1.25e-02    58.5306   144.4908   -57.9244     6.1928   118.5784   -42.6234
   103  rigid      0.11238   0.14905   0.58669    1.04e-02    58.5306   144.4908   -57.9244     6.1928   118.5784   -42.6234
   104  rigid      0.11226   0.14869   0.58121    8.65e-03    58.5306   144.4908   -57.9244     6.1928   118.5784   -42.6234
   105  rigid      0.11224   0.14842   0.57667    7.25e-03    58.5306   144.4908   -57.9244     6.1928   118.5784   -42.6234
   106  rigid      0.11222   0.14821   0.57290    6.09e-03    58.5306   144.4908   -57.9244     6.1928   118.5784   -42.6234
   107  rigid      0.11222   0.14805   0.56976    5.13e-03    58.5306   144.4908   -57.9244     6.1928   118.5784   -42.6234
   108  rigid      0.11221   0.14792   0.56714    4.33e-03    58.5306   144.4908   -57.9244     6.1928   118.5784   -42.6234
   109  rigid      0.11220   0.14782   0.56494    3.66e-03    58.5306   144.4908   -57.9244     6.1928   118.5784   -42.6234
   110  rigid      0.11219   0.14775   0.56309    3.10e-03    58.5306   144.4908   -57.9244     6.1928   118.5784   -42.6234
   111  rigid      0.11219   0.14769   0.56153    2.62e-03    58.5306   144.4908   -57.9244     6.1928   118.5784   -42.6234
   112  rigid      0.11220   0.14764   0.56022    2.22e-03    58.5306   144.4908   -57.9244     6.1928   118.5784   -42.6234
   113  rigid      0.11221   0.14760   0.55912    1.88e-03    58.5306   144.4908   -57.9244     6.1928   118.5784   -42.6234
   114  rigid      0.11222   0.14757   0.55818    1.59e-03    58.5306   144.4908   -57.9244     6.1928   118.5784   -42.6234
   115  rigid      0.11222   0.14754   0.55740    1.35e-03    58.5306   144.4908   -57.9244     6.1928   118.5784   -42.6234
   116  rigid      0.11223   0.14752   0.55673    1.14e-03    58.5306   144.4908   -57.9244     6.1928   118.5784   -42.6234
   117  rigid      0.11223   0.14750   0.55617    9.69e-04    58.5306   144.4908   -57.9244     6.1928   118.5784   -42.6234
   118  mode       0.08466   0.11288   0.45998    1.71e-01    57.7083   147.0650   -58.2031     7.1738   117.9718   -42.9969
   119  mode       0.07065   0.09408   0.39034    1.15e-01    57.0296   148.5816   -58.5423     7.8623   117.4632   -43.2014
   120  mode       0.06272   0.08306   0.33666    8.12e-02    56.4595   149.5527   -58.9086     8.2876   117.0262   -43.2852
   121  mode       0.05901   0.07711   0.29549    5.55e-02    56.0215   150.1574   -59.2385     8.5748   116.7127   -43.3094
   122  mode       0.05768   0.07370   0.26337    4.07e-02    55.6813   150.5549   -59.5193     8.7840   116.4847   -43.3085
   123  mode       0.05693   0.07172   0.23856    3.23e-02    55.4083   150.8175   -59.7617     8.9106   116.3138   -43.2757
   124  mode       0.05641   0.07051   0.22158    2.43e-02    55.2053   151.0410   -59.9342     8.9607   116.1681   -43.2383
   125  mode       0.05607   0.06984   0.20813    1.91e-02    55.0512   151.1855   -60.0812     8.9946   116.0647   -43.1975
   126  mode       0.05588   0.06946   0.19746    1.51e-02    54.9340   151.2809   -60.2041     9.0167   115.9928   -43.1576
   127  mode       0.05574   0.06923   0.18901    1.21e-02    54.8446   151.3451   -60.3055     9.0305   115.9434   -43.1207
   128  rigid      0.04605   0.05861   0.17326    3.36e-02    54.8446   151.3451   -60.3055     9.0305   115.9434   -43.1207
   129  rigid      0.03939   0.05120   0.15948    2.57e-02    54.8446   151.3451   -60.3055     9.0305   115.9434   -43.1207
   130  rigid      0.03481   0.04583   0.14749    2.12e-02    54.8446   151.3451   -60.3055     9.0305   115.9434   -43.1207
   131  rigid      0.03173   0.04194   0.13728    1.77e-02    54.8446   151.3451   -60.3055     9.0305   115.9434   -43.1207
   132  rigid      0.02973   0.03912   0.12871    1.49e-02    54.8446   151.3451   -60.3055     9.0305   115.9434   -43.1207
   133  rigid      0.02830   0.03706   0.12153    1.25e-02    54.8446   151.3451   -60.3055     9.0305   115.9434   -43.1207
   134  rigid      0.02731   0.03556   0.11554    1.05e-02    54.8446   151.3451   -60.3055     9.0305   115.9434   -43.1207
   135  rigid      0.02669   0.03447   0.11044    8.91e-03    54.8446   151.3451   -60.3055     9.0305   115.9434   -43.1207
   136  rigid      0.02620   0.03368   0.10619    7.49e-03    54.8446   151.3451   -60.3055     9.0305   115.9434   -43.1207
   137  rigid      0.02583   0.03312   0.10315    6.31e-03    54.8446   151.3451   -60.3055     9.0305   115.9434   -43.1207
   138  rigid      0.02561   0.03272   0.10234    5.31e-03    54.8446   151.3451   -60.3055     9.0305   115.9434   -43.1207
   139  rigid      0.02543   0.03243   0.10169    4.47e-03    54.8446   151.3451   -60.3055     9.0305   115.9434   -43.1207
   140  rigid      0.02531   0.03222   0.10118    3.76e-03    54.8446   151.3451   -60.3055     9.0305   115.9434   -43.1207
   141  rigid      0.02522   0.03207   0.10077    3.17e-03    54.8446   151.3451   -60.3055     9.0305   115.9434   -43.1207
   142  rigid      0.02516   0.03197   0.10045    2.67e-03    54.8446   151.3451   -60.3055     9.0305   115.9434   -43.1207
   143  rigid      0.02512   0.03190   0.10019    2.25e-03    54.8446   151.3451   -60.3055     9.0305   115.9434   -43.1207
   144  rigid      0.02508   0.03184   0.09998    1.90e-03    54.8446   151.3451   -60.3055     9.0305   115.9434   -43.1207
   145  rigid      0.02507   0.03180   0.09980    1.60e-03    54.8446   151.3451   -60.3055     9.0305   115.9434   -43.1207
   146  rigid      0.02506   0.03178   0.09966    1.35e-03    54.8446   151.3451   -60.3055     9.0305   115.9434   -43.1207
   147  rigid      0.02506   0.03176   0.09955    1.14e-03    54.8446   151.3451   -60.3055     9.0305   115.9434   -43.1207
   148  rigid      0.02506   0.03174   0.09945    9.60e-04    54.8446   151.3451   -60.3055     9.0305   115.9434   -43.1207
   149  combined   0.01907   0.02414   0.07465    4.71e-02    54.6996   151.8649   -60.3160     9.2302   115.6385   -43.2375
   150  combined   0.01524   0.01937   0.06246    3.26e-02    54.5956   152.1899   -60.3406     9.3758   115.4021   -43.3212
   151  combined   0.01261   0.01610   0.05378    2.32e-02    54.5179   152.4039   -60.3700     9.4807   115.2199   -43.3817
   152  combined   0.01067   0.01371   0.04664    1.70e-02    54.4582   152.5515   -60.3998     9.5567   115.0794   -43.4258
   153  combined   0.00921   0.01187   0.04068    1.27e-02    54.4113   152.6578   -60.4280     9.6124   114.9702   -43.4580
   154  combined   0.00809   0.01040   0.03564    9.71e-03    54.3739   152.7372   -60.4538     9.6540   114.8843   -43.4816
   155  combined   0.00716   0.00922   0.03132    7.59e-03    54.3436   152.7984   -60.4770     9.6856   114.8161   -43.4986
   156  combined   0.00639   0.00825   0.02761    6.04e-03    54.3188   152.8468   -60.4976     9.7101   114.7613   -43.5109
   157  combined   0.00577   0.00745   0.02441    4.88e-03    54.2984   152.8860   -60.5158     9.7294   114.7169   -43.5196
   158  combined   0.00526   0.00679   0.02162    3.99e-03    54.2815   152.9181   -60.5318     9.7448   114.6804   -43.5256
   159  combined   0.00483   0.00624   0.01919    3.30e-03    54.2675   152.9449   -60.5459     9.7573   114.6503   -43.5297
   160  combined   0.00446   0.00579   0.01708    2.76e-03    54.2558   152.9675   -60.5582     9.7676   114.6253   -43.5323
   161  combined   0.00416   0.00542   0.01562    2.32e-03    54.2459   152.9867   -60.5690     9.7761   114.6043   -43.5339
   162  combined   0.00391   0.00513   0.01484    1.96e-03    54.2377   153.0031   -60.5785     9.7833   114.5867   -43.5348
   163  combined   0.00372   0.00489   0.01419    1.67e-03    54.2308   153.0172   -60.5869     9.7893   114.5718   -43.5352
   164  combined   0.00356   0.00469   0.01368    1.43e-03    54.2249   153.0294   -60.5942     9.7944   114.5591   -43.5352
   165  combined   0.00344   0.00454   0.01324    1.23e-03    54.2199   153.0399   -60.6006     9.7988   114.5483   -43.5349
   166  combined   0.00334   0.00442   0.01285    1.06e-03    54.2157   153.0491   -60.6063     9.8026   114.5390   -43.5345
   167  combined   0.00327   0.00432   0.01250    9.12e-04    54.2121   153.0571   -60.6112     9.8058   114.5311   -43.5341
   168  combined   0.00321   0.00424   0.01219    7.89e-04    54.2090   153.0641   -60.6156     9.8086   114.5242   -43.5335
   169  combined   0.00316   0.00418   0.01192    6.84e-04    54.2063   153.0701   -60.6194     9.8110   114.5184   -43.5329
   170  combined   0.00311   0.00414   0.01180    5.94e-04    54.2041   153.0755   -60.6228     9.8130   114.5133   -43.5324
   171  combined   0.00308   0.00410   0.01190    5.17e-04    54.2021   153.0801   -60.6257     9.8148   114.5089   -43.5318
   172  combined   0.00306   0.00407   0.01197    4.50e-04    54.2004   153.0842   -60.6283     9.8164   114.5051   -43.5313
   173  combined   0.00305   0.00405   0.01204    3.92e-04    54.1990   153.0878   -60.6306     9.8177   114.5018   -43.5308
   174  combined   0.00305   0.00403   0.01210    3.42e-04    54.1977   153.0910   -60.6326     9.8189   114.4989   -43.5304
   175  combined   0.00304   0.00402   0.01214    2.99e-04    54.1967   153.0938   -60.6344     9.8199   114.4964   -43.5299
   176  combined   0.00304   0.00401   0.01219    2.61e-04    54.1957   153.0962   -60.6360     9.8208   114.4942   -43.5295
   177  combined   0.00304   0.00400   0.01222    2.28e-04    54.1949   153.0983   -60.6373     9.8216   114.4923   -43.5292
   178  combined   0.00304   0.00400   0.01225    2.00e-04    54.1942   153.1002   -60.6386     9.8222   114.4907   -43.5289
   179  combined   0.00303   0.00399   0.01228    1.75e-04    54.1936   153.1018   -60.6396     9.8228   114.4893   -43.5286
   180  combined   0.00303   0.00399   0.01230    1.53e-04    54.1930   153.1033   -60.6405     9.8233   114.4880   -43.5283
   181  combined   0.00304   0.00398   0.01232    1.34e-04    54.1926   153.1046   -60.6414     9.8238   114.4869   -43.5281
   182  combined   0.00304   0.00398   0.01234    1.17e-04    54.1922   153.1057   -60.6421     9.8241   114.4859   -43.5279
   183  combined   0.00304   0.00398   0.01235    1.03e-04    54.1918   153.1067   -60.6427     9.8245   114.4851   -43.5277
   184  combined   0.00304   0.00398   0.01237    9.01e-05    54.1915   153.1076   -60.6433     9.8248   114.4844   -43.5275
   185  combined   0.00304   0.00398   0.01238    7.90e-05    54.1912   153.1083   -60.6438     9.8250   114.4837   -43.5273
   186  combined   0.00304   0.00398   0.01239    6.93e-05    54.1910   153.1090   -60.6442     9.8253   114.4832   -43.5272
   187  combined   0.00304   0.00398   0.01240    6.08e-05    54.1908   153.1096   -60.6446     9.8255   114.4827   -43.5271
   188  combined   0.00304   0.00398   0.01240    5.33e-05    54.1906   153.1101   -60.6449     9.8256   114.4822   -43.5270
   189  combined   0.00304   0.00398   0.01241    4.68e-05    54.1905   153.1106   -60.6452     9.8258   114.4819   -43.5269
   190  combined   0.00304   0.00398   0.01242    4.11e-05    54.1903   153.1110   -60.6455     9.8259   114.4815   -43.5268
   191  combined   0.00304   0.00398   0.01242    3.60e-05    54.1902   153.1113   -60.6457     9.8260   114.4813   -43.5267
   192  combined   0.00304   0.00398   0.01242    3.16e-05    54.1901   153.1116   -60.6459     9.8261   114.4810   -43.5267
   193  combined   0.00304   0.00398   0.01243    2.78e-05    54.1900   153.1119   -60.6461     9.8262   114.4808   -43.5266
   194  combined   0.00304   0.00398   0.01243    2.44e-05    54.1899   153.1122   -60.6462     9.8263   114.4806   -43.5265
   195  combined   0.00304   0.00398   0.01243    2.14e-05    54.1898   153.1124   -60.6464     9.8263   114.4804   -43.5265
   196  combined   0.00304   0.00398   0.01244    1.88e-05    54.1898   153.1126   -60.6465     9.8264   114.4803   -43.5264
   197  combined   0.00305   0.00398   0.01244    1.65e-05    54.1897   153.1127   -60.6466     9.8265   114.4801   -43.5264
   198  combined   0.00305   0.00398   0.01244    1.45e-05    54.1897   153.1129   -60.6467     9.8265   114.4800   -43.5264
   199  combined   0.00305   0.00397   0.01244    1.28e-05    54.1896   153.1130   -60.6468     9.8265   114.4799   -43.5263
   200  combined   0.00305   0.00397   0.01244    1.12e-05    54.1896   153.1131   -60.6469     9.8266   114.4798   -43.5263
   201  combined   0.00305   0.00397   0.01244    9.90e-06    54.1896   153.1132   -60.6469     9.8266   114.4797   -43.5263
