PA5-F-Debug: converged
  step  kind       mean_mm    rms_mm    max_mm   motion_mm   lambda_1   lambda_2   lambda_3   lambda_4   lambda_5   lambda_6
     1  rigid      2.32180   2.82078   7.09664    1.89e+00     0.0000     0.0000     0.0000     0.0000     0.0000     0.0000
     2  rigid      2.23435   2.68119   6.48837    1.22e+00     0.0000     0.0000     0.0000     0.0000     0.0000     0.0000
     3  rigid      2.19847   2.62082   6.52921    7.97e-01     0.0000     0.0000     0.0000     0.0000     0.0000     0.0000
     4  rigid      2.18104   2.59440   6.78563    5.05e-01     0.0000     0.0000     0.0000     0.0000     0.0000     0.0000
     5  rigid      2.16684   2.57986   7.00862    3.99e-01     0.0000     0.0000     0.0000     0.0000     0.0000     0.0000
     6  rigid      2.15790   2.57186   7.15016    2.76e-01     0.0000     0.0000     0.0000     0.0000     0.0000     0.0000
     7  rigid      2.15271   2.56791   7.24356    1.98e-01     0.0000     0.0000     0.0000     0.0000     0.0000     0.0000
     8  rigid      2.14943   2.56574   7.30718    1.44e-01     0.0000     0.0000     0.0000     0.0000     0.0000     0.0000
     9  rigid      2.14738   2.56475   7.35104    1.00e-01     0.0000     0.0000     0.0000     0.0000     0.0000     0.0000
    10  rigid      2.14627   2.56435   7.37999    6.97e-02     0.0000     0.0000     0.0000     0.0000     0.0000     0.0000
    11  rigid      2.14563   2.56420   7.39866    4.66e-02     0.0000     0.0000     0.0000     0.0000     0.0000     0.0000
    12  rigid      2.14518   2.56413   7.40994    3.46e-02     0.0000     0.0000     0.0000     0.0000     0.0000     0.0000
    13  rigid      2.14488   2.56410   7.41793    2.55e-02     0.0000     0.0000     0.0000     0.0000     0.0000     0.0000
    14  rigid      2.14470   2.56409   7.42274    1.78e-02     0.0000     0.0000     0.0000     0.0000     0.0000     0.0000
    15  rigid      2.14457   2.56408   7.42576    1.27e-02     0.0000     0.0000     0.0000     0.0000     0.0000     0.0000
    16  rigid      2.14449   2.56408   7.42763    9.70e-03     0.0000     0.0000     0.0000     0.0000     0.0000     0.0000
    17  rigid      2.14442   2.56408   7.42883    8.05e-03     0.0000     0.0000     0.0000     0.0000     0.0000     0.0000
    18  rigid      2.14437   2.56408   7.42962    6.69e-03     0.0000     0.0000     0.0000     0.0000     0.0000     0.0000
    19  rigid      2.14434   2.56408   7.43013    5.56e-03     0.0000     0.0000     0.0000     0.0000     0.0000     0.0000
    20  rigid      2.14431   2.56408   7.43046    4.62e-03     0.0000     0.0000     0.0000     0.0000     0.0000     0.0000
    21  rigid      2.14429   2.56408   7.43068    3.84e-03     0.0000     0.0000     0.0000     0.0000     0.0000     0.0000
    22  rigid      2.14427   2.56408   7.43084    3.19e-03     0.0000     0.0000     0.0000     0.0000     0.0000     0.0000
    23  rigid      2.14426   2.56408   7.43094    2.64e-03     0.0000     0.0000     0.0000     0.0000     0.0000     0.0000
    24  rigid      2.14425   2.56408   7.43102    2.19e-03     0.0000     0.0000     0.0000     0.0000     0.0000     0.0000
    25  rigid      2.14424   2.56408   7.43108    1.82e-03     0.0000     0.0000     0.0000     0.0000     0.0000     0.0000
    26  rigid      2.14423   2.56408   7.43113    1.51e-03     0.0000     0.0000     0.0000     0.0000     0.0000     0.0000
    27  rigid      2.14423   2.56408   7.43118    1.26e-03     0.0000     0.0000     0.0000     0.0000     0.0000     0.0000
    28  rigid      2.14422   2.56408   7.43121    1.04e-03     0.0000     0.0000     0.0000     0.0000     0.0000     0.0000
    29  rigid      2.14422   2.56408   7.43124    8.66e-04     0.0000     0.0000     0.0000     0.0000     0.0000     0.0000
    30  mode       1.57230   1.95999   5.95941    3.30e+00   -17.4004     0.6828   -17.3085   -39.5964    -7.6503   -24.3651
    31  mode       1.17762   1.55218   5.45871    2.34e+00   -33.6238     2.6027   -28.3400   -66.7964   -15.9869   -39.5039
    32  mode       0.95261   1.29105   4.97851    1.68e+00   -47.8400     4.1978   -35.2277   -86.0595   -23.2169   -47.7544
    33  mode       0.84615   1.13244   4.50290    1.18e+00   -59.5577     5.9028   -40.1729   -98.5530   -29.1237   -51.4477
    34  mode       0.78124   1.02765   4.04788    9.05e-01   -69.6972     6.9502   -43.6816  -106.8907   -34.2959   -52.7243
    35  mode       0.73668   0.95566   3.65504    6.98e-01   -77.8095     8.1148   -46.4417  -113.2901   -38.1464   -52.7450
    36  mode       0.70251   0.90632   3.34425    5.43e-01   -84.8602     8.9237   -48.7606  -117.5333   -41.2693   -52.4962
    37  mode       0.67919   0.87455   3.09020    4.20e-01   -90.6015     9.5375   -50.4612  -120.5477   -43.7786   -51.9478
    38  mode       0.66478   0.85509   2.89271    3.24e-01   -94.9936    10.0831   -51.7561  -122.9725   -45.6611   -51.4331
    39  mode       0.65617   0.84320   2.77109    2.57e-01   -98.2883    10.5741   -52.5722  -125.0273   -47.2129   -50.9459
    40  rigid      0.51630   0.67558   2.50013    6.32e-01   -98.2883    10.5741   -52.5722  -125.0273   -47.2129   -50.9459
    41  rigid      0.43653   0.57995   2.32419    4.54e-01   -98.2883    10.5741   -52.5722  -125.0273   -47.2129   -50.9459
    42  rigid      0.38832   0.52184   2.18171    3.50e-01   -98.2883    10.5741   -52.5722  -125.0273   -47.2129   -50.9459
    43  rigid      0.36617   0.49759   2.12600    1.82e-01   -98.2883    10.5741   -52.5722  -125.0273   -47.2129   -50.9459
    44  rigid      0.34911   0.47985   2.07986    1.45e-01   -98.2883    10.5741   -52.5722  -125.0273   -47.2129   -50.9459
    45  rigid      0.33705   0.46722   2.06035    1.15e-01   -98.2883    10.5741   -52.5722  -125.0273   -47.2129   -50.9459
    46  rigid      0.32902   0.45843   2.04425    9.29e-02   -98.2883    10.5741   -52.5722  -125.0273   -47.2129   -50.9459
    47  rigid      0.32348   0.45182   2.03009    7.72e-02   -98.2883    10.5741   -52.5722  -125.0273   -47.2129   -50.9459
    48  rigid      0.31926   0.44629   2.01757    6.99e-02   -98.2883    10.5741   -52.5722  -125.0273   -47.2129   -50.9459
    49  rigid      0.31658   0.44207   2.00573    5.81e-02   -98.2883    10.5741   -52.5722  -125.0273   -47.2129   -50.9459
    50  rigid      0.31457   0.43853   1.99296    5.32e-02   -98.2883    10.5741   -52.5722  -125.0273   -47.2129   -50.9459
    51  rigid      0.31303   0.43550   1.98101    4.79e-02   -98.2883    10.5741   -52.5722  -125.0273   -47.2129   -50.9459
    52  rigid      0.31185   0.43319   1.97042    4.04e-02   -98.2883    10.5741   -52.5722  -125.0273   -47.2129   -50.9459
    53  rigid      0.31089   0.43119   1.96069    3.67e-02   -98.2883    10.5741   -52.5722  -125.0273   -47.2129   -50.9459
    54  rigid      0.31014   0.42964   1.95207    3.11e-02   -98.2883    10.5741   -52.5722  -125.0273   -47.2129   -50.9459
    55  rigid      0.30947   0.42834   1.94464    2.90e-02   -98.2883    10.5741   -52.5722  -125.0273   -47.2129   -50.9459
    56  rigid      0.30896   0.42726   1.93810    2.44e-02   -98.2883    10.5741   -52.5722  -125.0273   -47.2129   -50.9459
    57  rigid      0.30852   0.42634   1.93231    2.11e-02   -98.2883    10.5741   -52.5722  -125.0273   -47.2129   -50.9459
    58  rigid      0.30816   0.42559   1.92718    1.80e-02   -98.2883    10.5741   -52.5722  -125.0273   -47.2129   -50.9459
    59  rigid      0.30787   0.42499   1.92265    1.53e-02   -98.2883    10.5741   -52.5722  -125.0273   -47.2129   -50.9459
    60  rigid      0.30762   0.42448   1.91870    1.35e-02   -98.2883    10.5741   -52.5722  -125.0273   -47.2129   -50.9459
    61  rigid      0.30743   0.42407   1.91522    1.16e-02   -98.2883    10.5741   -52.5722  -125.0273   -47.2129   -50.9459
    62  rigid      0.30727   0.42373   1.91220    1.00e-02   -98.2883    10.5741   -52.5722  -125.0273   -47.2129   -50.9459
    63  rigid      0.30716   0.42345   1.90951    8.69e-03   -98.2883    10.5741   -52.5722  -125.0273   -47.2129   -50.9459
    64  rigid      0.30705   0.42322   1.90734    7.67e-03   -98.2883    10.5741   -52.5722  -125.0273   -47.2129   -50.9459
    65  rigid      0.30698   0.42303   1.90542    6.63e-03   -98.2883    10.5741   -52.5722  -125.0273   -47.2129   -50.9459
    66  rigid      0.30692   0.42287   1.90374    5.74e-03   -98.2883    10.5741   -52.5722  -125.0273   -47.2129   -50.9459
    67  rigid      0.30688   0.42273   1.90226    4.97e-03   -98.2883    10.5741   -52.5722  -125.0273   -47.2129   -50.9459
    68  rigid      0.30684   0.42261   1.90097    4.31e-03   -98.2883    10.5741   -52.5722  -125.0273   -47.2129   -50.9459
    69  rigid      0.30681   0.42251   1.89984    3.73e-03   -98.2883    10.5741   -52.5722  -125.0273   -47.2129   -50.9459
    70  rigid      0.30678   0.42243   1.89886    3.23e-03   -98.2883    10.5741   -52.5722  -125.0273   -47.2129   -50.9459
    71  rigid      0.30676   0.42235   1.89800    2.80e-03   -98.2883    10.5741   -52.5722  -125.0273   -47.2129   -50.9459
    72  rigid      0.30674   0.42229   1.89725    2.42e-03   -98.2883    10.5741   -52.5722  -125.0273   -47.2129   -50.9459
    73  rigid      0.30673   0.42224   1.89658    2.11e-03   -98.2883    10.5741   -52.5722  -125.0273   -47.2129   -50.9459
    74  rigid      0.30671   0.42219   1.89600    1.83e-03   -98.2883    10.5741   -52.5722  -125.0273   -47.2129   -50.9459
    75  rigid      0.30670   0.42215   1.89550    1.59e-03   -98.2883    10.5741   -52.5722  -125.0273   -47.2129   -50.9459
    76  rigid      0.30669   0.42212   1.89507    1.37e-03   -98.2883    10.5741   -52.5722  -125.0273   -47.2129   -50.9459
    77  rigid      0.30668   0.42209   1.89469    1.19e-03   -98.2883    10.5741   -52.5722  -125.0273   -47.2129   -50.9459
    78  rigid      0.30668   0.42206   1.89437    1.02e-03   -98.2883    10.5741   -52.5722  -125.0273   -47.2129   -50.9459
    79  rigid      0.30667   0.42204   1.89409    8.84e-04   -98.2883    10.5741   -52.5722  -125.0273   -47.2129   -50.9459
    80  mode       0.23977   0.33669   1.51143    6.16e-01  -100.8462    11.1034   -54.1598  -129.9330   -52.6442   -50.8307
    81  mode       0.19973   0.27986   1.22277    4.63e-01  -102.7623    11.8264   -55.4442  -133.3725   -56.7976   -50.5856
    82  mode       0.18001   0.24647   1.01851    3.28e-01  -104.1621    12.4813   -56.3906  -135.7069   -59.7563   -50.3680
    83  mode       0.16969   0.22629   0.87311    2.37e-01  -105.1628    13.0572   -57.1252  -137.3217   -61.9061   -50.2114
    84  mode       0.16409   0.21448   0.79508    1.78e-01  -105.9120    13.5176   -57.6115  -138.4886   -63.5859   -50.0746
    85  mode       0.16111   0.20750   0.75687    1.35e-01  -106.4720    13.9001   -58.0081  -139.2975   -64.8843   -49.9790
    86  mode       0.15998   0.20383   0.72907    9.64e-02  -106.8731    14.2163   -58.3017  -139.8685   -65.8090   -49.9403
    87  mode       0.15940   0.20198   0.70927    6.80e-02  -107.1616    14.4478   -58.5185  -140.2497   -66.4670   -49.9178
    88  mode       0.15912   0.20106   0.69511    4.81e-02  -107.3671    14.6127   -58.6792  -140.5019   -66.9371   -49.9060
    89  mode       0.15901   0.20062   0.68518    3.33e-02  -107.5120    14.7334   -58.7948  -140.6635   -67.2660   -49.9040
    90  rigid      0.12668   0.16386   0.59044    1.60e-01  -107.5120    14.7334   -58.7948  -140.6635   -67.2660   -49.9040
    91  rigid      0.10859   0.14291   0.57012    1.15e-01  -107.5120    14.7334   -58.7948  -140.6635   -67.2660   -49.9040
    92  rigid      0.09886   0.13097   0.55229    8.24e-02  -107.5120    14.7334   -58.7948  -140.6635   -67.2660   -49.9040
    93  rigid      0.09386   0.12418   0.54179    5.89e-02  -107.5120    14.7334   -58.7948  -140.6635   -67.2660   -49.9040
    94  rigid      0.09102   0.12005   0.53256    4.36e-02  -107.5120    14.7334   -58.7948  -140.6635   -67.2660   -49.9040
    95  rigid      0.08926   0.11744   0.52497    3.33e-02  -107.5120    14.7334   -58.7948  -140.6635   -67.2660   -49.9040
    96  rigid      0.08811   0.11569   0.51883    2.68e-02  -107.5120    14.7334   -58.7948  -140.6635   -67.2660   -49.9040
    97  rigid      0.08743   0.11453   0.51398    2.13e-02  -107.5120    14.7334   -58.7948  -140.6635   -67.2660   -49.9040
    98  rigid      0.08693   0.11368   0.51006    1.82e-02  -107.5120    14.7334   -58.7948  -140.6635   -67.2660   -49.9040
    99  rigid      0.08655   0.11311   0.50703    1.45e-02  -107.5120    14.7334   -58.7948  -140.6635   -67.2660   -49.9040
   100  rigid      0.08632   0.11272   0.50464    1.17e-02  -107.5120    14.7334   -58.7948  -140.6635   -67.2660   -49.9040
   101  rigid      0.08620   0.11245   0.50283    9.54e-03  -107.5120    14.7334   -58.7948  -140.6635   -67.2660   -49.9040
   102  rigid      0.08612   0.11227   0.50146    7.77e-03  -107.5120    14.7334   -58.7948  -140.6635   -67.2660   -49.9040
   103  rigid      0.08610   0.11215   0.50044    6.32e-03  -107.5120    14.7334   -58.7948  -140.6635   -67.2660   -49.9040
   104  rigid      0.08610   0.11206   0.49969    5.17e-03  -107.5120    14.7334   -58.7948  -140.6635   -67.2660   -49.9040
   105  rigid      0.08605   0.11196   0.49516    5.71e-03  -107.5120    14.7334   -58.7948  -140.6635   -67.2660   -49.9040
   106  rigid      0.08605   0.11189   0.49195    4.24e-03  -107.5120    14.7334   -58.7948  -140.6635   -67.2660   -49.9040
   107  rigid      0.08605   0.11186   0.48967    3.31e-03  -107.5120    14.7334   -58.7948  -140.6635   -67.2660   -49.9040
   108  rigid      0.08607   0.11183   0.48805    2.70e-03  -107.5120    14.7334   -58.7948  -140.6635   -67.2660   -49.9040
   109  rigid      0.08608   0.11182   0.48690    2.21e-03  -107.5120    14.7334   -58.7948  -140.6635   -67.2660   -49.9040
   110  rigid      0.08609   0.11180   0.48594    1.81e-03  -107.5120    14.7334   -58.7948  -140.6635   -67.2660   -49.9040
   111  rigid      0.08609   0.11180   0.48525    1.47e-03  -107.5120    14.7334   -58.7948  -140.6635   -67.2660   -49.9040
   112  rigid      0.08610   0.11179   0.48475    1.22e-03  -107.5120    14.7334   -58.7948  -140.6635   -67.2660   -49.9040
   113  rigid      0.08611   0.11179   0.48440    1.01e-03  -107.5120    14.7334   -58.7948  -140.6635   -67.2660   -49.9040
   114  rigid      0.08612   0.11179   0.48414    8.36e-04  -107.5120    14.7334   -58.7948  -140.6635   -67.2660   -49.9040
   115  mode       0.07824   0.10219   0.46473    1.14e-01  -107.4810    14.8331   -59.1961  -141.1938   -68.5306   -50.0422
   116  mode       0.07406   0.09709   0.45363    7.89e-02  -107.4363    14.9693   -59.4829  -141.5456   -69.4162   -50.1451
   117  mode       0.07189   0.09442   0.44746    5.49e-02  -107.3878    15.1055   -59.6846  -141.7770   -70.0420   -50.2233
   118  mode       0.07079   0.09300   0.44373    3.90e-02  -107.3411    15.2237   -59.8349  -141.9333   -70.4892   -50.2693
   119  mode       0.07023   0.09226   0.44194    2.73e-02  -107.2964    15.3242   -59.9387  -142.0346   -70.8089   -50.3115
   120  mode       0.06995   0.09187   0.44116    1.91e-02  -107.2570    15.4056   -60.0102  -142.1001   -71.0388   -50.3447
   121  mode       0.06979   0.09166   0.44095    1.35e-02  -107.2228    15.4702   -60.0590  -142.1421   -71.2053   -50.3715
   122  mode       0.06970   0.09154   0.44102    9.54e-03  -107.1937    15.5207   -60.0917  -142.1689   -71.3262   -50.3924
   123  mode       0.06963   0.09148   0.44124    6.91e-03  -107.1692    15.5598   -60.1133  -142.1860   -71.4145   -50.4088
   124  mode       0.06959   0.09145   0.44150    5.23e-03  -107.1489    15.5900   -60.1272  -142.1968   -71.4792   -50.4216
   125  rigid      0.06832   0.08981   0.42779    1.99e-02  -107.1489    15.5900   -60.1272  -142.1968   -71.4792   -50.4216
   126  rigid      0.06768   0.08900   0.41742    1.38e-02  -107.1489    15.5900   -60.1272  -142.1968   -71.4792   -50.4216
   127  rigid      0.06728   0.08857   0.40961    9.91e-03  -107.1489    15.5900   -60.1272  -142.1968   -71.4792   -50.4216
   128  rigid      0.06704   0.08833   0.40373    7.41e-03  -107.1489    15.5900   -60.1272  -142.1968   -71.4792   -50.4216
   129  rigid      0.06691   0.08820   0.39930    5.62e-03  -107.1489    15.5900   -60.1272  -142.1968   -71.4792   -50.4216
   130  rigid      0.06685   0.08811   0.39592    4.33e-03  -107.1489    15.5900   -60.1272  -142.1968   -71.4792   -50.4216
   131  rigid      0.06681   0.08806   0.39336    3.33e-03  -107.1489    15.5900   -60.1272  -142.1968   -71.4792   -50.4216
   132  rigid      0.06679   0.08803   0.39136    2.64e-03  -107.1489    15.5900   -60.1272  -142.1968   -71.4792   -50.4216
   133  rigid      0.06678   0.08801   0.38983    2.05e-03  -107.1489    15.5900   -60.1272  -142.1968   -71.4792   -50.4216
   134  rigid      0.06678   0.08800   0.38865    1.60e-03  -107.1489    15.5900   -60.1272  -142.1968   -71.4792   -50.4216
   135  rigid      0.06678   0.08799   0.38775    1.26e-03  -107.1489    15.5900   -60.1272  -142.1968   -71.4792   -50.4216
   136  rigid      0.06678   0.08798   0.38705    9.89e-04  -107.1489    15.5900   -60.1272  -142.1968   -71.4792   -50.4216
   137  combined   0.06658   0.08757   0.38480    2.01e-02  -107.1182    15.6571   -60.2013  -142.2932   -71.7046   -50.4319
   138  combined   0.06647   0.08734   0.38264    1.42e-02  -107.0901    15.7108   -60.2537  -142.3555   -71.8686   -50.4422
   139  combined   0.06641   0.08720   0.38063    1.03e-02  -107.0654    15.7545   -60.2914  -142.3974   -71.9907   -50.4513
   140  combined   0.06635   0.08711   0.37881    7.70e-03  -107.0438    15.7905   -60.3190  -142.4266   -72.0836   -50.4589
   141  combined   0.06631   0.08705   0.37719    5.86e-03  -107.0252    15.8201   -60.3394  -142.4479   -72.1555   -50.4652
   142  combined   0.06627   0.08700   0.37577    4.55e-03  -107.0092    15.8448   -60.3548  -142.4638   -72.2122   -50.4703
   143  combined   0.06625   0.08697   0.37453    3.63e-03  -106.9955    15.8655   -60.3666  -142.4760   -72.2575   -50.4743
   144  combined   0.06623   0.08695   0.37346    3.00e-03  -106.9838    15.8829   -60.3755  -142.4857   -72.2940   -50.4774
   145  combined   0.06622   0.08694   0.37254    2.49e-03  -106.9736    15.8977   -60.3825  -142.4934   -72.3237   -50.4798
   146  combined   0.06622   0.08693   0.37176    2.06e-03  -106.9647    15.9100   -60.3878  -142.4996   -72.3478   -50.4815
   147  combined   0.06622   0.08692   0.37110    1.72e-03  -106.9568    15.9204   -60.3921  -142.5047   -72.3674   -50.4827
   148  combined   0.06622   0.08691   0.37053    1.45e-03  -106.9500    15.9292   -60.3954  -142.5090   -72.3836   -50.4835
   149  combined   0.06623   0.08691   0.37005    1.23e-03  -106.9442    15.9367   -60.3980  -142.5125   -72.3972   -50.4842
   150  combined   0.06623   0.08691   0.36963    1.04e-03  -106.9392    15.9431   -60.4001  -142.5154   -72.4085   -50.4847
   151  combined   0.06624   0.08690   0.36928    8.86e-04  -106.9350    15.9486   -60.4018  -142.5178   -72.4181   -50.4850
   152  combined   0.06625   0.08690   0.36898    7.55e-04  -106.9313    15.9534   -60.4031  -142.5199   -72.4261   -50.4853
   153  combined   0.06625   0.08690   0.36872    6.45e-04  -106.9282    15.9574   -60.4042  -142.5217   -72.4329   -50.4855
   154  combined   0.06625   0.08690   0.36849    5.51e-04  -106.9255    15.9609   -60.4051  -142.5231   -72.4387   -50.4856
   155  combined   0.06626   0.08690   0.36830    4.72e-04  -106.9232    15.9639   -60.4058  -142.5244   -72.4436   -50.4858
   156  combined   0.06626   0.08690   0.36814    4.04e-04  -106.9211    15.9665   -60.4063  -142.5255   -72.4478   -50.4858
   157  combined   0.06626   0.08690   0.36800    3.46e-04  -106.9194    15.9687   -60.4068  -142.5264   -72.4513   -50.4859
   158  combined   0.06626   0.08690   0.36788    2.97e-04  -106.9179    15.9706   -60.4071  -142.5272   -72.4544   -50.4860
   159  combined   0.06626   0.08690   0.36778    2.55e-04  -106.9167    15.9723   -60.4074  -142.5278   -72.4569   -50.4860
   160  combined   0.06627   0.08690   0.36769    2.19e-04  -106.9155    15.9737   -60.4077  -142.5284   -72.4592   -50.4860
   161  combined   0.06627   0.08690   0.36761    1.88e-04  -106.9146    15.9749   -60.4079  -142.5289   -72.4610   -50.4861
   162  combined   0.06627   0.08690   0.36755    1.61e-04  -106.9138    15.9760   -60.4080  -142.5293   -72.4627   -50.4861
   163  combined   0.06627   0.08690   0.36749    1.39e-04  -106.9131    15.9769   -60.4082  -142.5297   -72.4640   -50.4861
   164  combined   0.06627   0.08690   0.36744    1.19e-04  -106.9124    15.9776   -60.4083  -142.5300   -72.4652   -50.4861
   165  combined   0.06627   0.08690   0.36740    1.03e-04  -106.9119    15.9783   -60.4083  -142.5303   -72.4662   -50.4862
   166  combined   0.06627   0.08690   0.36737    8.82e-05  -106.9115    15.9789   -60.4084  -142.5305   -72.4671   -50.4862
   167  combined   0.06627   0.08690   0.36733    7.59e-05  -106.9111    15.9794   -60.4085  -142.5307   -72.4679   -50.4862
   168  combined   0.06627   0.08690   0.36731    6.53e-05  -106.9107    15.9798   -60.4085  -142.5309   -72.4685   -50.4862
   169  combined   0.06627   0.08690   0.36728    5.62e-05  -106.9104    15.9802   -60.4085  -142.5311   -72.4691   -50.4862
   170  combined   0.06627   0.08690   0.36726    4.84e-05  -106.9102    15.9805   -60.4086  -142.5312   -72.4695   -50.4862
   171  combined   0.06627   0.08690   0.36725    4.17e-05  -106.9100    15.9808   -60.4086  -142.5313   -72.4699   -50.4862
   172  combined   0.06627   0.08690   0.36723    3.59e-05  -106.9098    15.9810   -60.4086  -142.5314   -72.4703   -50.4862
   173  combined   0.06628   0.08690   0.36722    3.09e-05  -106.9096    15.9812   -60.4086  -142.5315   -72.4706   -50.4862
   174  combined   0.06628   0.08690   0.36721    2.66e-05  -106.9095    15.9814   -60.4086  -142.5316   -72.4708   -50.4862
   175  combined   0.06628   0.08690   0.36720    2.29e-05  -106.9093    15.9815   -60.4086  -142.5316   -72.4711   -50.4862
   176  combined   0.06628   0.08690   0.36719    1.98e-05  -106.9092    15.9817   -60.4086  -142.5317   -72.4713   -50.4862
   177  combined   0.06628   0.08690   0.36718    1.70e-05  -106.9091    15.9818   -60.4086  -142.5318   -72.4714   -50.4862
   178  combined   0.06628   0.08690   0.36718    1.47e-05  -106.9091    15.9819   -60.4086  -142.5318   -72.4716   -50.4862
   179  combined   0.06628   0.08690   0.36717    1.26e-05  -106.9090    15.9819   -60.4086  -142.5318   -72.4717   -50.4862
   180  combined   0.06628   0.08690   0.36717    1.09e-05  -106.9089    15.9820   -60.4086  -142.5319   -72.4718   -50.4862
   181  combined   0.06628   0.08690   0.36716    9.40e-06  -106.9089    15.9821   -60.4086  -142.5319   -72.4719   -50.4862
